object={
	name="tree_cypress_generator_1_0"
	clamp_to_water_level=no
	render_under_water=no
	generated_content=yes
	layer="tree_layer"
	pdxmesh="tree_cypress_01_mesh"
	count=637
	transform="3890.093994 0.000000 2800.246826 0.000000 0.884854 0.000000 0.465868 0.800000 0.800000 0.800000
3890.275146 0.000000 2802.068359 0.000000 0.504999 0.000000 -0.863120 0.800000 0.800000 0.800000
3918.154785 0.000000 2801.170166 0.000000 0.998106 0.000000 0.061524 0.800000 0.800000 0.800000
3952.708252 0.000000 2785.361328 0.000000 0.937092 0.000000 -0.349083 0.836322 0.836322 0.836322
3966.196289 0.000000 2805.641357 0.000000 0.957424 0.000000 -0.288684 0.800000 0.800000 0.800000
3951.225830 0.000000 2784.049805 0.000000 0.896344 0.000000 -0.443360 0.800000 0.800000 0.800000
3967.843018 0.000000 2804.913574 0.000000 0.982097 0.000000 -0.188374 0.800000 0.800000 0.800000
3953.460205 0.000000 2784.183594 0.000000 0.630933 0.000000 0.775837 0.709545 0.709545 0.709545
3995.341797 0.000000 2810.027100 0.000000 0.273222 0.000000 0.961951 0.800000 0.800000 0.800000
3996.696777 0.000000 2812.450928 0.000000 0.834152 0.000000 -0.551535 0.800000 0.800000 0.800000
3994.616699 0.000000 2812.008057 0.000000 0.672537 0.000000 0.740064 0.800000 0.800000 0.800000
3997.421875 0.000000 2810.613037 0.000000 0.414160 0.000000 -0.910204 0.800000 0.800000 0.800000
3968.052734 0.000000 2804.816650 0.000000 0.134388 0.000000 0.990929 0.653730 0.653730 0.653730
3889.682373 0.000000 2843.116943 0.000000 0.755024 0.000000 -0.655697 0.800000 0.800000 0.800000
3886.166504 0.000000 2844.588623 0.000000 0.041522 0.000000 0.999138 0.800000 0.800000 0.800000
3888.542236 0.000000 2845.356934 0.000000 0.855727 0.000000 -0.517428 0.855395 0.855395 0.855395
3887.712402 0.000000 2842.283447 0.000000 0.644100 0.000000 0.764941 0.800000 0.800000 0.800000
3934.727051 0.000000 2841.162109 0.000000 0.039563 0.000000 -0.999217 0.800000 0.800000 0.800000
3935.549316 0.000000 2839.298828 0.000000 0.751817 0.000000 0.659371 0.800000 0.800000 0.800000
3933.656494 0.000000 2839.510986 0.000000 0.336290 0.000000 0.941759 0.800000 0.800000 0.800000
3932.706787 0.000000 2840.973389 0.000000 0.844696 0.000000 -0.535246 0.857530 0.857530 0.857530
3931.851318 0.000000 2861.773438 0.000000 0.443429 0.000000 -0.896309 0.800000 0.800000 0.800000
3930.286377 0.000000 2863.895508 0.000000 0.539681 0.000000 0.841869 0.800000 0.800000 0.800000
3944.803955 0.000000 2858.864990 0.000000 0.618932 0.000000 -0.785444 0.892021 0.892021 0.892021
3950.154785 0.000000 2929.170166 0.000000 0.447086 0.000000 0.894491 0.800000 0.800000 0.800000
3951.251709 0.000000 2930.110352 0.000000 0.185591 0.000000 -0.982627 0.940986 0.940986 0.940986
4009.093018 0.000000 2901.537354 0.000000 0.892428 0.000000 -0.451190 0.800000 0.800000 0.800000
4011.631348 0.000000 2902.178223 0.000000 0.754701 0.000000 0.656068 0.800000 0.800000 0.800000
4008.984619 0.000000 2903.951904 0.000000 0.041052 0.000000 -0.999157 0.800000 0.800000 0.800000
4010.736572 0.000000 2903.699951 0.000000 0.885688 0.000000 -0.464281 0.800000 0.800000 0.800000
4011.063721 0.000000 2900.554443 0.000000 0.929286 0.000000 -0.369360 0.838535 0.838535 0.838535
3976.732422 0.000000 2943.284912 0.000000 0.638936 0.000000 0.769260 0.800000 0.800000 0.800000
3974.432373 0.000000 2942.947510 0.000000 0.854293 0.000000 -0.519792 0.800000 0.800000 0.800000
4094.196289 0.000000 2901.641357 0.000000 0.781304 0.000000 -0.624150 0.800000 0.800000 0.800000
4095.549316 0.000000 2903.298828 0.000000 0.784476 0.000000 -0.620159 0.868138 0.868138 0.868138
4093.656494 0.000000 2903.510986 0.000000 0.968016 0.000000 -0.250887 0.825831 0.825831 0.825831
4095.843018 0.000000 2900.913574 0.000000 0.437725 0.000000 0.899109 0.800000 0.800000 0.800000
4092.413818 0.000000 2901.529053 0.000000 0.976523 0.000000 0.215415 0.800000 0.800000 0.800000
4095.872314 0.000000 2902.131592 0.000000 0.191134 0.000000 -0.981564 0.940411 0.940411 0.940411
4067.581543 0.000000 2937.156250 0.000000 0.999853 0.000000 -0.017173 0.801749 0.801749 0.801749
4066.782471 0.000000 2935.326416 0.000000 0.405174 0.000000 -0.914239 0.800000 0.800000 0.800000
3974.460938 0.000000 2944.298584 0.000000 0.168895 0.000000 -0.985634 0.800000 0.800000 0.800000
3976.814941 0.000000 2945.798828 0.000000 0.658305 0.000000 -0.752751 0.800000 0.800000 0.800000
3976.264648 0.000000 2944.075928 0.000000 0.507644 0.000000 -0.861567 0.800000 0.800000 0.800000
4024.907471 0.000000 2948.388428 0.000000 0.696643 0.000000 -0.717418 0.881496 0.881496 0.881496
4025.530518 0.000000 2949.812012 0.000000 0.994820 0.000000 -0.101653 0.810372 0.810372 0.810372
4037.854980 0.000000 2960.759277 0.000000 0.050492 0.000000 -0.998724 0.954855 0.954855 0.954855
4072.467773 0.000000 3044.566406 0.000000 0.762049 0.000000 0.647519 0.800000 0.800000 0.800000
4071.354736 0.000000 3068.850586 0.000000 0.634642 0.000000 -0.772806 0.800000 0.800000 0.800000
4072.732422 0.000000 3071.284912 0.000000 0.766024 0.000000 0.642812 0.800000 0.800000 0.800000
4070.770264 0.000000 3042.906006 0.000000 0.170342 0.000000 -0.985385 0.800000 0.800000 0.800000
4070.432373 0.000000 3070.947510 0.000000 0.590475 0.000000 -0.807056 0.800000 0.800000 0.800000
4070.804443 0.000000 3045.648438 0.000000 0.049833 0.000000 0.998758 0.800000 0.800000 0.800000
4042.484375 0.000000 3101.530273 0.000000 0.624439 0.000000 0.781074 0.800000 0.800000 0.800000
4045.430176 0.000000 3098.089844 0.000000 0.388468 0.000000 0.921462 0.800000 0.800000 0.800000
4043.775635 0.000000 3099.687988 0.000000 0.035051 0.000000 -0.999386 0.800000 0.800000 0.800000
4090.286377 0.000000 3087.895508 0.000000 0.384884 0.000000 -0.922965 0.800000 0.800000 0.800000
4056.907471 0.000000 3108.388428 0.000000 0.984409 0.000000 -0.175894 0.800000 0.800000 0.800000
4050.797119 0.000000 3126.629883 0.000000 0.948421 0.000000 -0.317013 0.800000 0.800000 0.800000
4056.865723 0.000000 3111.144043 0.000000 0.196960 0.000000 -0.980411 0.800000 0.800000 0.800000
4051.522705 0.000000 3129.025635 0.000000 0.826759 0.000000 -0.562556 0.800000 0.800000 0.800000
4053.281982 0.000000 3127.036865 0.000000 0.101392 0.000000 0.994847 0.800000 0.800000 0.800000
4059.290771 0.000000 3110.281738 0.000000 0.909344 0.000000 0.416045 0.756293 0.756293 0.756293
3990.077881 0.000000 3161.463379 0.000000 0.798050 0.000000 -0.602591 0.800000 0.800000 0.800000
3994.600098 0.000000 3156.725098 0.000000 0.977124 0.000000 -0.212670 0.821829 0.821829 0.821829
3992.586426 0.000000 3163.400879 0.000000 0.046089 0.000000 -0.998937 0.800000 0.800000 0.800000
3995.838135 0.000000 3159.292236 0.000000 0.142201 0.000000 -0.989838 0.800000 0.800000 0.800000
3990.581299 0.000000 3163.369141 0.000000 0.088828 0.000000 0.996047 0.649060 0.649060 0.649060
4024.907471 0.000000 3140.388428 0.000000 0.922957 0.000000 -0.384904 0.800000 0.800000 0.800000
4027.952393 0.000000 3139.937500 0.000000 0.898768 0.000000 0.438425 0.800000 0.800000 0.800000
4026.251953 0.000000 3138.461914 0.000000 0.427894 0.000000 0.903829 0.800000 0.800000 0.800000
4050.152588 0.000000 3148.742676 0.000000 0.964078 0.000000 -0.265618 0.800000 0.800000 0.800000
4088.586426 0.000000 3163.400879 0.000000 0.369341 0.000000 0.929294 0.678533 0.678533 0.678533
4094.584229 0.000000 3177.028076 0.000000 0.989505 0.000000 -0.144497 0.800000 0.800000 0.800000
4095.365479 0.000000 3178.638916 0.000000 0.751700 0.000000 0.659505 0.800000 0.800000 0.800000
3856.671143 0.000000 3320.424561 0.000000 0.594504 0.000000 0.804093 0.704849 0.704849 0.704849
3860.826172 0.000000 3327.183838 0.000000 0.811228 0.000000 0.584730 0.800000 0.800000 0.800000
3863.008789 0.000000 3327.955322 0.000000 0.978895 0.000000 0.204365 0.800000 0.800000 0.800000
3857.959229 0.000000 3321.373047 0.000000 0.401751 0.000000 0.915749 0.682111 0.682111 0.682111
3877.415771 0.000000 3310.626709 0.000000 0.528588 0.000000 0.848878 0.800000 0.800000 0.800000
3877.854980 0.000000 3312.759277 0.000000 0.991993 0.000000 -0.126293 0.800000 0.800000 0.800000
3875.906982 0.000000 3312.159424 0.000000 0.963308 0.000000 0.268398 0.800000 0.800000 0.800000
3909.415771 0.000000 3310.626709 0.000000 0.128563 0.000000 -0.991701 0.800000 0.800000 0.800000
3915.626953 0.000000 3311.374023 0.000000 0.993050 0.000000 0.117697 0.800000 0.800000 0.800000
3916.044678 0.000000 3313.482422 0.000000 0.955044 0.000000 0.296463 0.800000 0.800000 0.800000
3917.420410 0.000000 3310.470947 0.000000 0.128775 0.000000 -0.991674 0.800000 0.800000 0.800000
4009.093018 0.000000 3253.537354 0.000000 0.984342 0.000000 0.176268 0.800000 0.800000 0.800000
4017.682373 0.000000 3259.116943 0.000000 0.943903 0.000000 -0.330223 0.800000 0.800000 0.800000
4016.671143 0.000000 3256.424561 0.000000 0.987293 0.000000 -0.158912 0.800000 0.800000 0.800000
4019.522705 0.000000 3257.025635 0.000000 0.705180 0.000000 0.709028 0.800000 0.800000 0.800000
4009.978516 0.000000 3251.177246 0.000000 0.025844 0.000000 0.999666 0.800000 0.800000 0.800000
4008.329834 0.000000 3251.878418 0.000000 0.816652 0.000000 -0.577130 0.800000 0.800000 0.800000
4011.063721 0.000000 3252.554443 0.000000 0.845616 0.000000 0.533792 0.800000 0.800000 0.800000
4036.388672 0.000000 3261.719482 0.000000 0.347356 0.000000 -0.937733 0.800000 0.800000 0.800000
4039.354736 0.000000 3260.850586 0.000000 0.153315 0.000000 -0.988177 0.944322 0.944322 0.944322
4038.432373 0.000000 3262.947510 0.000000 0.403651 0.000000 -0.914913 0.800000 0.800000 0.800000
4019.031494 0.000000 3269.668701 0.000000 0.945852 0.000000 -0.324598 0.800000 0.800000 0.800000
4026.525879 0.000000 3294.105225 0.000000 0.366849 0.000000 0.930280 0.800000 0.800000 0.800000
4008.814941 0.000000 3265.798828 0.000000 0.432491 0.000000 -0.901638 0.800000 0.800000 0.800000
4028.951172 0.000000 3295.160889 0.000000 0.973716 0.000000 0.227766 0.800000 0.800000 0.800000
4008.264648 0.000000 3264.075928 0.000000 0.861703 0.000000 0.507414 0.800000 0.800000 0.800000
4029.281250 0.000000 3297.231201 0.000000 0.299800 0.000000 0.954002 0.800000 0.800000 0.800000
4004.057129 0.000000 3314.148438 0.000000 0.544530 0.000000 0.838741 0.800000 0.800000 0.800000
4008.732422 0.000000 3327.284912 0.000000 0.742068 0.000000 -0.670325 0.800000 0.800000 0.800000
4028.951172 0.000000 3327.160889 0.000000 0.849133 0.000000 -0.528180 0.800000 0.800000 0.800000
4005.854980 0.000000 3312.759277 0.000000 0.556974 0.000000 -0.830530 0.800000 0.800000 0.800000
4006.432373 0.000000 3326.947510 0.000000 0.266692 0.000000 0.963782 0.800000 0.800000 0.800000
4027.590088 0.000000 3296.035889 0.000000 0.089841 0.000000 -0.995956 0.800000 0.800000 0.800000
4004.773193 0.000000 3315.854736 0.000000 0.069252 0.000000 0.997599 0.800000 0.800000 0.800000
4030.455811 0.000000 3327.544434 0.000000 0.812871 0.000000 -0.582444 0.863329 0.863329 0.863329
4032.144287 0.000000 3280.870361 0.000000 0.368415 0.000000 -0.929661 0.800000 0.800000 0.800000
4035.906982 0.000000 3280.159424 0.000000 0.103069 0.000000 0.994674 0.650517 0.650517 0.650517
4080.379883 0.000000 3285.522705 0.000000 0.999812 0.000000 -0.019393 0.801975 0.801975 0.801975
4037.415771 0.000000 3310.626709 0.000000 0.885682 0.000000 -0.464293 0.800000 0.800000 0.800000
4044.263672 0.000000 3299.783203 0.000000 0.722470 0.000000 0.691402 0.800000 0.800000 0.800000
4054.878906 0.000000 3317.070312 0.000000 0.750658 0.000000 -0.660691 0.800000 0.800000 0.800000
4043.148682 0.000000 3296.083984 0.000000 0.501111 0.000000 0.865383 0.800000 0.800000 0.800000
4052.035400 0.000000 3314.611328 0.000000 0.054119 0.000000 -0.998535 0.800000 0.800000 0.800000
4037.854980 0.000000 3312.759277 0.000000 0.010050 0.000000 -0.999950 0.958976 0.958976 0.958976
4052.532227 0.000000 3316.752197 0.000000 0.992543 0.000000 -0.121897 0.800000 0.800000 0.800000
4054.064209 0.000000 3314.902588 0.000000 0.555255 0.000000 -0.831680 0.900039 0.900039 0.900039
4042.777344 0.000000 3298.358398 0.000000 0.987102 0.000000 0.160093 0.800000 0.800000 0.800000
4035.906982 0.000000 3312.159424 0.000000 0.820843 0.000000 -0.571153 0.800000 0.800000 0.800000
4064.246094 0.000000 3326.523193 0.000000 0.035430 0.000000 -0.999372 0.956390 0.956390 0.956390
4064.023193 0.000000 3324.191406 0.000000 0.436009 0.000000 -0.899942 0.800000 0.800000 0.800000
4065.713379 0.000000 3325.535400 0.000000 0.436155 0.000000 -0.899872 0.800000 0.800000 0.800000
3861.270752 0.000000 3328.146729 0.000000 0.886125 0.000000 0.463447 0.800000 0.800000 0.800000
3850.900635 0.000000 3353.614746 0.000000 0.515646 0.000000 -0.856802 0.800000 0.800000 0.800000
3863.330811 0.000000 3329.349854 0.000000 0.604076 0.000000 0.796927 0.800000 0.800000 0.800000
3852.431152 0.000000 3352.497070 0.000000 0.010886 0.000000 0.999941 0.641109 0.641109 0.641109
3860.696777 0.000000 3329.900146 0.000000 0.271975 0.000000 0.962304 0.800000 0.800000 0.800000
3854.968750 0.000000 3352.762695 0.000000 0.147216 0.000000 -0.989104 0.944950 0.944950 0.944950
3872.144287 0.000000 3344.870361 0.000000 0.525836 0.000000 -0.850586 0.800000 0.800000 0.800000
3875.906982 0.000000 3344.159424 0.000000 0.984286 0.000000 0.176579 0.781919 0.781919 0.781919
3902.118408 0.000000 3374.953125 0.000000 0.993744 0.000000 0.111685 0.788600 0.788600 0.788600
3900.396240 0.000000 3375.485840 0.000000 0.973303 0.000000 0.229524 0.800000 0.800000 0.800000
3908.388672 0.000000 3357.719482 0.000000 0.811678 0.000000 0.584106 0.800000 0.800000 0.800000
3920.090576 0.000000 3359.943604 0.000000 0.712913 0.000000 0.701253 0.720840 0.720840 0.720840
3918.166504 0.000000 3356.588623 0.000000 0.463270 0.000000 0.886217 0.800000 0.800000 0.800000
3911.354736 0.000000 3356.850586 0.000000 0.497219 0.000000 0.867625 0.800000 0.800000 0.800000
3920.542236 0.000000 3357.356934 0.000000 0.375795 0.000000 -0.926703 0.800000 0.800000 0.800000
3910.432373 0.000000 3358.947510 0.000000 0.622257 0.000000 0.782813 0.800000 0.800000 0.800000
3918.767334 0.000000 3358.495117 0.000000 0.889415 0.000000 -0.457101 0.800000 0.800000 0.800000
3921.686768 0.000000 3359.233398 0.000000 0.660722 0.000000 -0.750631 0.886480 0.886480 0.886480
3908.733154 0.000000 3364.787354 0.000000 0.992447 0.000000 0.122671 0.800000 0.800000 0.800000
3907.242920 0.000000 3367.483887 0.000000 0.192185 0.000000 0.981359 0.800000 0.800000 0.800000
3922.152588 0.000000 3372.742676 0.000000 0.890439 0.000000 0.455104 0.751873 0.751873 0.751873
3912.732422 0.000000 3391.284912 0.000000 0.201165 0.000000 -0.979557 0.800000 0.800000 0.800000
3909.326172 0.000000 3366.912109 0.000000 0.702845 0.000000 -0.711343 0.800000 0.800000 0.800000
3906.528809 0.000000 3364.190674 0.000000 0.389656 0.000000 0.920960 0.800000 0.800000 0.800000
3910.432373 0.000000 3390.947510 0.000000 0.486220 0.000000 0.873836 0.800000 0.800000 0.800000
3906.264648 0.000000 3366.015137 0.000000 0.964071 0.000000 0.265643 0.800000 0.800000 0.800000
4006.460938 0.000000 3328.298584 0.000000 0.439841 0.000000 -0.898075 0.800000 0.800000 0.800000
4007.354736 0.000000 3356.850586 0.000000 0.531371 0.000000 0.847139 0.800000 0.800000 0.800000
4008.814941 0.000000 3329.798828 0.000000 0.992457 0.000000 -0.122594 0.800000 0.800000 0.800000
4008.264648 0.000000 3328.075928 0.000000 0.471371 0.000000 -0.881935 0.800000 0.800000 0.800000
4029.859619 0.000000 3371.654541 0.000000 0.939033 0.000000 -0.343826 0.800000 0.800000 0.800000
4031.317383 0.000000 3373.295166 0.000000 0.641263 0.000000 -0.767321 0.800000 0.800000 0.800000
4028.122559 0.000000 3371.873779 0.000000 0.986561 0.000000 -0.163394 0.800000 0.800000 0.800000
4031.365479 0.000000 3370.638916 0.000000 0.996035 0.000000 0.088965 0.800000 0.800000 0.800000
4048.468262 0.000000 3346.901367 0.000000 0.898573 0.000000 0.438823 0.800000 0.800000 0.800000
4032.306641 0.000000 3347.063232 0.000000 0.502226 0.000000 -0.864736 0.800000 0.800000 0.800000
4048.090576 0.000000 3359.943604 0.000000 0.653026 0.000000 -0.757335 0.800000 0.800000 0.800000
4050.900391 0.000000 3358.010010 0.000000 0.810981 0.000000 -0.585073 0.800000 0.800000 0.800000
4050.093994 0.000000 3344.246826 0.000000 0.946778 0.000000 0.321888 0.800000 0.800000 0.800000
4034.793457 0.000000 3348.291504 0.000000 0.707217 0.000000 -0.706997 0.879984 0.879984 0.879984
4048.134277 0.000000 3344.878662 0.000000 0.701603 0.000000 -0.712568 0.800000 0.800000 0.800000
4033.996338 0.000000 3346.047852 0.000000 0.566667 0.000000 0.823947 0.800000 0.800000 0.800000
4050.275146 0.000000 3346.068359 0.000000 0.410692 0.000000 -0.911774 0.916892 0.916892 0.916892
4032.052734 0.000000 3348.816650 0.000000 0.078112 0.000000 -0.996945 0.800000 0.800000 0.800000
4048.708252 0.000000 3361.361328 0.000000 0.115066 0.000000 0.993358 0.800000 0.800000 0.800000
4050.880127 0.000000 3360.359619 0.000000 0.493330 0.000000 -0.869842 0.800000 0.800000 0.800000
4046.535156 0.000000 3380.266113 0.000000 0.998647 0.000000 0.052008 0.794700 0.794700 0.794700
4026.412354 0.000000 3403.541016 0.000000 0.749413 0.000000 -0.662103 0.800000 0.800000 0.800000
4027.851318 0.000000 3405.773438 0.000000 0.774340 0.000000 0.632770 0.730214 0.730214 0.730214
4026.396484 0.000000 3405.197266 0.000000 0.991852 0.000000 0.127399 0.786988 0.786988 0.786988
4374.878906 0.000000 2805.070312 0.000000 0.999806 0.000000 0.019686 0.800000 0.800000 0.800000
4382.118652 0.000000 2798.953125 0.000000 0.582979 0.000000 -0.812487 0.800000 0.800000 0.800000
4377.901855 0.000000 2802.201660 0.000000 0.626981 0.000000 -0.779034 0.800000 0.800000 0.800000
4376.687012 0.000000 2803.960938 0.000000 0.226858 0.000000 0.973928 0.800000 0.800000 0.800000
4374.064453 0.000000 2802.902588 0.000000 0.749804 0.000000 -0.661660 0.800000 0.800000 0.800000
4383.317383 0.000000 2797.295166 0.000000 0.264867 0.000000 -0.964285 0.800000 0.800000 0.800000
4384.071289 0.000000 2797.674316 0.000000 0.026800 0.000000 0.999641 0.800000 0.800000 0.800000
4409.050293 0.000000 2797.908447 0.000000 0.639921 0.000000 0.768441 0.800000 0.800000 0.800000
4385.914551 0.000000 2799.996826 0.000000 0.966671 0.000000 0.256024 0.800000 0.800000 0.800000
4411.851074 0.000000 2797.773438 0.000000 0.987953 0.000000 -0.154753 0.815827 0.815827 0.815827
4410.286133 0.000000 2799.895508 0.000000 0.866468 0.000000 -0.499232 0.800000 0.800000 0.800000
4407.696777 0.000000 2787.087891 0.000000 0.995072 0.000000 0.099154 0.800000 0.800000 0.800000
4596.130859 0.000000 2795.807129 0.000000 0.319390 0.000000 0.947623 0.800000 0.800000 0.800000
4597.699707 0.000000 2794.539307 0.000000 0.902123 0.000000 -0.431478 0.800000 0.800000 0.800000
4117.950684 0.000000 2925.981689 0.000000 0.523137 0.000000 0.852248 0.696076 0.696076 0.696076
4116.871582 0.000000 2925.028564 0.000000 0.993065 0.000000 0.117571 0.787997 0.787997 0.787997
4291.581543 0.000000 2937.156250 0.000000 0.789071 0.000000 -0.614303 0.800000 0.800000 0.800000
4290.782715 0.000000 2935.326416 0.000000 0.644903 0.000000 0.764264 0.711393 0.711393 0.711393
4122.525879 0.000000 3006.105225 0.000000 0.179663 0.000000 -0.983728 0.800000 0.800000 0.800000
4124.951172 0.000000 3007.160889 0.000000 0.999762 0.000000 0.021807 0.797779 0.797779 0.797779
4146.796875 0.000000 2998.629883 0.000000 0.518512 0.000000 0.855071 0.800000 0.800000 0.800000
4149.281738 0.000000 2999.036865 0.000000 0.969689 0.000000 0.244344 0.800000 0.800000 0.800000
4146.357910 0.000000 2996.427979 0.000000 0.779676 0.000000 -0.626184 0.800000 0.800000 0.800000
4148.532227 0.000000 2996.752197 0.000000 0.966410 0.000000 -0.257005 0.800000 0.800000 0.800000
4176.090820 0.000000 3007.943604 0.000000 0.549433 0.000000 0.835538 0.800000 0.800000 0.800000
4178.900391 0.000000 3006.010010 0.000000 0.218866 0.000000 0.975755 0.800000 0.800000 0.800000
4176.541992 0.000000 3005.356934 0.000000 0.385561 0.000000 0.922682 0.800000 0.800000 0.800000
4204.450684 0.000000 2995.456055 0.000000 0.140923 0.000000 0.990021 0.800000 0.800000 0.800000
4204.044434 0.000000 2993.482422 0.000000 0.952576 0.000000 -0.304302 0.800000 0.800000 0.800000
4146.900391 0.000000 3070.010010 0.000000 0.807618 0.000000 0.589705 0.800000 0.800000 0.800000
4187.058594 0.000000 3048.905029 0.000000 0.578705 0.000000 0.815537 0.800000 0.800000 0.800000
4184.865723 0.000000 3047.144043 0.000000 0.830333 0.000000 0.557267 0.800000 0.800000 0.800000
4187.290527 0.000000 3046.281738 0.000000 0.312537 0.000000 -0.949906 0.800000 0.800000 0.800000
4185.293945 0.000000 3049.435303 0.000000 0.784403 0.000000 0.620251 0.800000 0.800000 0.800000
4260.388672 0.000000 3005.719482 0.000000 0.739443 0.000000 -0.673220 0.800000 0.800000 0.800000
4258.475586 0.000000 3007.179443 0.000000 0.986819 0.000000 -0.161830 0.800000 0.800000 0.800000
4260.958496 0.000000 3007.684570 0.000000 0.984456 0.000000 -0.175630 0.817983 0.817983 0.817983
4292.241699 0.000000 2965.943115 0.000000 0.743870 0.000000 -0.668325 0.800000 0.800000 0.800000
4292.057129 0.000000 2962.148438 0.000000 0.317932 0.000000 -0.948113 0.800000 0.800000 0.800000
4294.556152 0.000000 2964.178711 0.000000 0.872029 0.000000 0.489455 0.747903 0.747903 0.747903
4292.773438 0.000000 2963.854736 0.000000 0.920913 0.000000 -0.389769 0.800000 0.800000 0.800000
4294.049316 0.000000 2962.510254 0.000000 0.276212 0.000000 -0.961097 0.800000 0.800000 0.800000
4342.241211 0.000000 2973.748047 0.000000 0.230262 0.000000 0.973129 0.663667 0.663667 0.663667
4340.365723 0.000000 2971.591797 0.000000 0.902467 0.000000 0.430760 0.800000 0.800000 0.800000
4342.945801 0.000000 2959.215576 0.000000 0.445420 0.000000 -0.895321 0.800000 0.800000 0.800000
4336.134277 0.000000 2960.878662 0.000000 0.903126 0.000000 -0.429376 0.845205 0.845205 0.845205
4342.581055 0.000000 2971.369141 0.000000 0.604974 0.000000 -0.796245 0.800000 0.800000 0.800000
4337.417480 0.000000 2958.449951 0.000000 0.987747 0.000000 -0.156062 0.800000 0.800000 0.800000
4343.826172 0.000000 2973.015381 0.000000 0.947369 0.000000 0.320143 0.766806 0.766806 0.766806
4344.473145 0.000000 2959.981201 0.000000 0.210464 0.000000 -0.977602 0.938401 0.938401 0.938401
4329.093262 0.000000 2997.537354 0.000000 0.771530 0.000000 0.636194 0.800000 0.800000 0.800000
4327.092285 0.000000 2984.120117 0.000000 0.088622 0.000000 0.996065 0.649039 0.649039 0.649039
4327.428711 0.000000 2987.699707 0.000000 0.994213 0.000000 -0.107430 0.800000 0.800000 0.800000
4331.631348 0.000000 2998.178223 0.000000 0.472084 0.000000 0.881553 0.800000 0.800000 0.800000
4328.984375 0.000000 2999.951904 0.000000 0.599758 0.000000 -0.800181 0.800000 0.800000 0.800000
4325.752441 0.000000 2986.090820 0.000000 0.085804 0.000000 -0.996312 0.800000 0.800000 0.800000
4324.188477 0.000000 2985.079834 0.000000 0.566487 0.000000 -0.824071 0.800000 0.800000 0.800000
4330.736328 0.000000 2999.699951 0.000000 0.999067 0.000000 0.043192 0.800000 0.800000 0.800000
4331.063965 0.000000 2996.554443 0.000000 0.843438 0.000000 -0.537227 0.800000 0.800000 0.800000
4327.535645 0.000000 2985.995605 0.000000 0.503562 0.000000 0.863959 0.693753 0.693753 0.693753
4266.484375 0.000000 3037.530273 0.000000 0.863191 0.000000 0.504878 0.800000 0.800000 0.800000
4265.336426 0.000000 3035.417480 0.000000 0.235115 0.000000 0.971968 0.800000 0.800000 0.800000
4267.775879 0.000000 3035.687988 0.000000 0.986815 0.000000 0.161852 0.783441 0.783441 0.783441
4259.907227 0.000000 3024.159424 0.000000 0.999773 0.000000 0.021304 0.797830 0.797830 0.797830
4280.907227 0.000000 3044.388428 0.000000 0.733164 0.000000 -0.680052 0.876174 0.876174 0.876174
4279.117676 0.000000 3045.064453 0.000000 0.999268 0.000000 0.038247 0.800000 0.800000 0.800000
4281.530273 0.000000 3045.812012 0.000000 0.978840 0.000000 0.204626 0.779009 0.779009 0.779009
4329.093262 0.000000 3029.537354 0.000000 0.177412 0.000000 0.984137 0.800000 0.800000 0.800000
4338.796875 0.000000 3030.629883 0.000000 0.666819 0.000000 0.745220 0.800000 0.800000 0.800000
4326.556152 0.000000 3028.178711 0.000000 0.111411 0.000000 0.993774 0.800000 0.800000 0.800000
4326.630371 0.000000 3031.126465 0.000000 0.686116 0.000000 -0.727492 0.800000 0.800000 0.800000
4341.281738 0.000000 3031.036865 0.000000 0.198244 0.000000 -0.980153 0.939672 0.939672 0.939672
4328.984375 0.000000 3031.951904 0.000000 0.456324 0.000000 -0.889814 0.800000 0.800000 0.800000
4338.357910 0.000000 3028.427979 0.000000 0.388418 0.000000 -0.921483 0.800000 0.800000 0.800000
4340.532227 0.000000 3028.752197 0.000000 0.548481 0.000000 0.836163 0.800000 0.800000 0.800000
4309.008789 0.000000 3045.063965 0.000000 0.985635 0.000000 0.168891 0.782714 0.782714 0.782714
4311.117676 0.000000 3045.064453 0.000000 0.272675 0.000000 -0.962106 0.800000 0.800000 0.800000
4323.500977 0.000000 3050.790771 0.000000 0.097355 0.000000 -0.995250 0.800000 0.800000 0.800000
4347.058594 0.000000 3048.905029 0.000000 0.742358 0.000000 0.670004 0.725214 0.725214 0.725214
4347.290527 0.000000 3046.281738 0.000000 0.122317 0.000000 0.992491 0.800000 0.800000 0.800000
4322.084961 0.000000 3049.308105 0.000000 0.013763 0.000000 0.999905 0.641402 0.641402 0.641402
4345.293945 0.000000 3049.435303 0.000000 0.287123 0.000000 0.957894 0.800000 0.800000 0.800000
4440.907227 0.000000 2820.388428 0.000000 0.338366 0.000000 0.941015 0.800000 0.800000 0.800000
4438.186523 0.000000 2822.716553 0.000000 0.502493 0.000000 -0.864581 0.800000 0.800000 0.800000
4440.865723 0.000000 2823.144043 0.000000 0.965753 0.000000 0.259463 0.800000 0.800000 0.800000
4439.117676 0.000000 2821.064453 0.000000 0.115604 0.000000 0.993295 0.800000 0.800000 0.800000
4452.057129 0.000000 2834.148438 0.000000 0.129343 0.000000 0.991600 0.800000 0.800000 0.800000
4452.773438 0.000000 2835.854736 0.000000 0.737400 0.000000 -0.675456 0.800000 0.800000 0.800000
4454.049316 0.000000 2834.510254 0.000000 0.650578 0.000000 0.759439 0.712152 0.712152 0.712152
4438.581055 0.000000 2875.369141 0.000000 0.676841 0.000000 -0.736129 0.884272 0.884272 0.884272
4358.432617 0.000000 2942.947510 0.000000 0.659894 0.000000 0.751359 0.713408 0.713408 0.713408
4359.680664 0.000000 2942.240234 0.000000 0.651665 0.000000 -0.758507 0.887703 0.887703 0.887703
4400.708496 0.000000 2913.361328 0.000000 0.345063 0.000000 -0.938579 0.924114 0.924114 0.924114
4403.082031 0.000000 2914.742676 0.000000 0.744511 0.000000 -0.667610 0.800000 0.800000 0.800000
4402.880371 0.000000 2912.359619 0.000000 0.857226 0.000000 -0.514940 0.800000 0.800000 0.800000
4463.418945 0.000000 2894.675049 0.000000 0.632903 0.000000 -0.774231 0.800000 0.800000 0.800000
4449.904297 0.000000 2907.806152 0.000000 0.353130 0.000000 0.935574 0.800000 0.800000 0.800000
4462.154785 0.000000 2897.170166 0.000000 0.788109 0.000000 0.615535 0.800000 0.800000 0.800000
4460.044434 0.000000 2897.482422 0.000000 0.679791 0.000000 0.733406 0.800000 0.800000 0.800000
4461.420410 0.000000 2894.470947 0.000000 0.369438 0.000000 0.929255 0.800000 0.800000 0.800000
4479.549316 0.000000 2903.298828 0.000000 0.111053 0.000000 -0.993815 0.800000 0.800000 0.800000
4477.656738 0.000000 2903.510986 0.000000 0.848497 0.000000 -0.529200 0.856802 0.856802 0.856802
4436.507324 0.000000 2926.663086 0.000000 0.977553 0.000000 -0.210691 0.821623 0.821623 0.821623
4420.057129 0.000000 2930.148438 0.000000 0.806562 0.000000 0.591150 0.735576 0.735576 0.735576
4421.854980 0.000000 2928.759277 0.000000 0.681807 0.000000 -0.731533 0.800000 0.800000 0.800000
4419.907227 0.000000 2928.159424 0.000000 0.972063 0.000000 -0.234719 0.800000 0.800000 0.800000
4420.773438 0.000000 2931.854736 0.000000 0.668498 0.000000 0.743714 0.714580 0.714580 0.714580
4456.467773 0.000000 2916.566406 0.000000 0.433614 0.000000 -0.901099 0.800000 0.800000 0.800000
4454.770020 0.000000 2914.906006 0.000000 0.922980 0.000000 0.384847 0.800000 0.800000 0.800000
4454.804688 0.000000 2917.648438 0.000000 0.268349 0.000000 0.963322 0.667673 0.667673 0.667673
4530.796875 0.000000 2870.629883 0.000000 0.935760 0.000000 0.352637 0.800000 0.800000 0.800000
4571.341797 0.000000 2842.027100 0.000000 0.998551 0.000000 0.053805 0.794517 0.794517 0.794517
4568.586426 0.000000 2843.400879 0.000000 0.027554 0.000000 -0.999620 0.800000 0.800000 0.800000
4569.494141 0.000000 2841.604248 0.000000 0.720156 0.000000 0.693812 0.800000 0.800000 0.800000
4563.031738 0.000000 2853.668701 0.000000 0.557615 0.000000 0.830099 0.800000 0.800000 0.800000
4563.082031 0.000000 2850.742676 0.000000 0.420067 0.000000 -0.907493 0.915842 0.915842 0.915842
4591.905273 0.000000 2858.648438 0.000000 0.023026 0.000000 -0.999735 0.800000 0.800000 0.800000
4593.759766 0.000000 2858.034180 0.000000 0.415601 0.000000 0.909547 0.800000 0.800000 0.800000
4591.508789 0.000000 2860.503906 0.000000 0.630359 0.000000 -0.776304 0.800000 0.800000 0.800000
4592.819824 0.000000 2861.173340 0.000000 0.479107 0.000000 0.877756 0.690893 0.690893 0.690893
4491.118164 0.000000 2890.757080 0.000000 0.932422 0.000000 0.361371 0.762339 0.762339 0.762339
4522.484375 0.000000 2941.530273 0.000000 0.854517 0.000000 -0.519424 0.800000 0.800000 0.800000
4539.341797 0.000000 2938.027100 0.000000 0.002339 0.000000 -0.999997 0.800000 0.800000 0.800000
4527.905273 0.000000 2922.648438 0.000000 0.991988 0.000000 -0.126336 0.812903 0.812903 0.812903
4526.834961 0.000000 2918.854492 0.000000 0.836167 0.000000 0.548476 0.800000 0.800000 0.800000
4526.354492 0.000000 2916.327148 0.000000 0.486192 0.000000 0.873852 0.800000 0.800000 0.800000
4541.421875 0.000000 2938.613037 0.000000 0.606712 0.000000 -0.794922 0.800000 0.800000 0.800000
4527.602539 0.000000 2920.727295 0.000000 0.914821 0.000000 0.403859 0.800000 0.800000 0.800000
4540.706543 0.000000 2936.973389 0.000000 0.874545 0.000000 0.484945 0.800000 0.800000 0.800000
4520.915039 0.000000 2941.101318 0.000000 0.917837 0.000000 -0.396958 0.841579 0.841579 0.841579
4547.581543 0.000000 2905.156250 0.000000 0.982035 0.000000 0.188698 0.800000 0.800000 0.800000
4546.782715 0.000000 2903.326416 0.000000 0.581707 0.000000 -0.813399 0.896763 0.896763 0.896763
4549.470215 0.000000 2904.765137 0.000000 0.779056 0.000000 -0.626955 0.800000 0.800000 0.800000
4548.957520 0.000000 2903.309326 0.000000 0.937553 0.000000 0.347843 0.763813 0.763813 0.763813
4590.834961 0.000000 2886.854492 0.000000 0.829167 0.000000 -0.559001 0.800000 0.800000 0.800000
4589.482422 0.000000 2889.316406 0.000000 0.377884 0.000000 0.925853 0.800000 0.800000 0.800000
4588.885254 0.000000 2886.062500 0.000000 0.137186 0.000000 -0.990545 0.800000 0.800000 0.800000
4591.602539 0.000000 2888.727295 0.000000 0.978187 0.000000 -0.207727 0.800000 0.800000 0.800000
4592.708496 0.000000 2913.361328 0.000000 0.499707 0.000000 0.866195 0.800000 0.800000 0.800000
4595.082031 0.000000 2914.742676 0.000000 0.379812 0.000000 -0.925064 0.800000 0.800000 0.800000
4594.880371 0.000000 2912.359619 0.000000 0.700027 0.000000 -0.714117 0.881015 0.881015 0.881015
4403.670410 0.000000 2953.656982 0.000000 0.799788 0.000000 0.600283 0.800000 0.800000 0.800000
4404.130859 0.000000 2955.807129 0.000000 0.953152 0.000000 0.302493 0.800000 0.800000 0.800000
4405.699707 0.000000 2954.539307 0.000000 0.981593 0.000000 -0.190986 0.800000 0.800000 0.800000
4405.845215 0.000000 2952.593506 0.000000 0.549291 0.000000 0.835631 0.800000 0.800000 0.800000
4385.914551 0.000000 2991.996826 0.000000 0.433405 0.000000 -0.901199 0.914340 0.914340 0.914340
4385.486816 0.000000 2990.470459 0.000000 0.785397 0.000000 -0.618993 0.867987 0.867987 0.867987
4384.027344 0.000000 2991.279297 0.000000 0.999684 0.000000 -0.025119 0.802559 0.802559 0.802559
4364.263672 0.000000 3011.783203 0.000000 0.995958 0.000000 0.089822 0.800000 0.800000 0.800000
4363.148438 0.000000 3008.083984 0.000000 0.656931 0.000000 0.753951 0.800000 0.800000 0.800000
4365.821289 0.000000 3009.342773 0.000000 0.783972 0.000000 -0.620796 0.800000 0.800000 0.800000
4362.777344 0.000000 3010.358398 0.000000 0.970409 0.000000 -0.241469 0.800000 0.800000 0.800000
4364.450684 0.000000 3059.456055 0.000000 0.577047 0.000000 0.816711 0.800000 0.800000 0.800000
4376.323730 0.000000 3070.712891 0.000000 0.922143 0.000000 0.386848 0.800000 0.800000 0.800000
4364.044434 0.000000 3057.482422 0.000000 0.461307 0.000000 0.887241 0.800000 0.800000 0.800000
4375.008789 0.000000 3071.955322 0.000000 0.808863 0.000000 -0.587998 0.864027 0.864027 0.864027
4401.383301 0.000000 3047.964111 0.000000 0.175147 0.000000 0.984542 0.657933 0.657933 0.657933
4400.769531 0.000000 3046.142822 0.000000 0.491258 0.000000 0.871014 0.692308 0.692308 0.692308
4400.103516 0.000000 3047.349854 0.000000 0.631769 0.000000 0.775157 0.709655 0.709655 0.709655
4448.230957 0.000000 3048.102539 0.000000 0.914045 0.000000 -0.405612 0.800000 0.800000 0.800000
4451.500977 0.000000 3050.790771 0.000000 0.976963 0.000000 -0.213408 0.821906 0.821906 0.821906
4448.676758 0.000000 3050.803711 0.000000 0.969853 0.000000 -0.243691 0.800000 0.800000 0.800000
4450.084961 0.000000 3049.308105 0.000000 0.871230 0.000000 -0.490876 0.800000 0.800000 0.800000
4450.119141 0.000000 3051.792969 0.000000 0.999869 0.000000 -0.016218 0.801652 0.801652 0.801652
4505.050293 0.000000 2957.908447 0.000000 0.442001 0.000000 -0.897015 0.800000 0.800000 0.800000
4502.391602 0.000000 2956.429688 0.000000 0.078791 0.000000 -0.996891 0.800000 0.800000 0.800000
4502.945801 0.000000 2959.215576 0.000000 0.617949 0.000000 0.786218 0.800000 0.800000 0.800000
4504.473145 0.000000 2959.981201 0.000000 0.983866 0.000000 -0.178905 0.818322 0.818322 0.818322
4484.733398 0.000000 2980.787354 0.000000 0.961723 0.000000 -0.274025 0.828274 0.828274 0.828274
4482.528809 0.000000 2980.190674 0.000000 0.163195 0.000000 0.986594 0.800000 0.800000 0.800000
4524.263672 0.000000 2979.783203 0.000000 0.824724 0.000000 0.565536 0.800000 0.800000 0.800000
4525.821289 0.000000 2977.342773 0.000000 0.512528 0.000000 -0.858670 0.800000 0.800000 0.800000
4527.225586 0.000000 2976.049805 0.000000 0.703392 0.000000 -0.710802 0.800000 0.800000 0.800000
4527.279785 0.000000 2978.645264 0.000000 0.923279 0.000000 0.384131 0.759840 0.759840 0.759840
4565.008789 0.000000 2949.063965 0.000000 0.349432 0.000000 0.936962 0.676360 0.676360 0.676360
4567.117676 0.000000 2949.064453 0.000000 0.791961 0.000000 -0.610572 0.800000 0.800000 0.800000
4541.738770 0.000000 3014.434814 0.000000 0.969366 0.000000 0.245620 0.800000 0.800000 0.800000
4523.631348 0.000000 3030.178223 0.000000 0.959688 0.000000 0.281067 0.800000 0.800000 0.800000
4539.290527 0.000000 3014.281738 0.000000 0.732015 0.000000 -0.681288 0.876346 0.876346 0.876346
4522.736328 0.000000 3031.699951 0.000000 0.064176 0.000000 0.997939 0.800000 0.800000 0.800000
4523.063965 0.000000 3028.554443 0.000000 0.981526 0.000000 -0.191328 0.819609 0.819609 0.819609
4483.334961 0.000000 3040.001953 0.000000 0.733723 0.000000 0.679448 0.800000 0.800000 0.800000
4484.455078 0.000000 3042.294189 0.000000 0.907819 0.000000 0.419363 0.755921 0.755921 0.755921
4515.581543 0.000000 3065.156250 0.000000 0.959306 0.000000 -0.282370 0.800000 0.800000 0.800000
4513.904297 0.000000 3067.806152 0.000000 0.062953 0.000000 0.998016 0.800000 0.800000 0.800000
4515.198242 0.000000 3066.658447 0.000000 0.324866 0.000000 0.945760 0.673702 0.673702 0.673702
4560.468262 0.000000 3026.901367 0.000000 0.998620 0.000000 -0.052519 0.800000 0.800000 0.800000
4548.388672 0.000000 3037.719482 0.000000 0.833134 0.000000 -0.553072 0.859694 0.859694 0.859694
4562.094238 0.000000 3024.246826 0.000000 0.978089 0.000000 0.208185 0.800000 0.800000 0.800000
4546.475586 0.000000 3039.179443 0.000000 0.923598 0.000000 -0.383363 0.800000 0.800000 0.800000
4560.134277 0.000000 3024.878662 0.000000 0.935054 0.000000 0.354506 0.800000 0.800000 0.800000
4562.275391 0.000000 3026.068359 0.000000 0.104101 0.000000 0.994567 0.800000 0.800000 0.800000
4606.727051 0.000000 3033.162109 0.000000 0.373595 0.000000 0.927592 0.800000 0.800000 0.800000
4598.391602 0.000000 3020.429688 0.000000 0.355310 0.000000 0.934748 0.800000 0.800000 0.800000
4596.130859 0.000000 3019.807129 0.000000 0.973658 0.000000 0.228013 0.800000 0.800000 0.800000
4597.699707 0.000000 3018.539307 0.000000 0.998382 0.000000 0.056870 0.800000 0.800000 0.800000
4607.549316 0.000000 3031.298828 0.000000 0.925224 0.000000 -0.379422 0.800000 0.800000 0.800000
4570.600098 0.000000 3060.725098 0.000000 0.920080 0.000000 0.391731 0.759000 0.759000 0.759000
4568.898926 0.000000 3063.803711 0.000000 0.994236 0.000000 -0.107214 0.800000 0.800000 0.800000
4545.914551 0.000000 3055.996826 0.000000 0.993747 0.000000 0.111655 0.800000 0.800000 0.800000
4571.837891 0.000000 3063.292236 0.000000 0.335399 0.000000 -0.942076 0.800000 0.800000 0.800000
4569.312988 0.000000 3062.008301 0.000000 0.993264 0.000000 0.115875 0.800000 0.800000 0.800000
4547.844238 0.000000 3054.588379 0.000000 0.611375 0.000000 0.791341 0.707003 0.707003 0.707003
4614.432617 0.000000 2814.947510 0.000000 0.345516 0.000000 -0.938413 0.800000 0.800000 0.800000
4614.460938 0.000000 2816.298584 0.000000 0.868471 0.000000 -0.495740 0.852833 0.852833 0.852833
4613.470215 0.000000 2840.765137 0.000000 0.764189 0.000000 -0.644992 0.871405 0.871405 0.871405
4622.834961 0.000000 2918.854492 0.000000 0.986269 0.000000 -0.165148 0.800000 0.800000 0.800000
4624.484863 0.000000 2916.254395 0.000000 0.374381 0.000000 -0.927275 0.800000 0.800000 0.800000
4625.383301 0.000000 2919.964111 0.000000 0.868640 0.000000 -0.495443 0.852798 0.852798 0.852798
4622.354492 0.000000 2916.327148 0.000000 0.959984 0.000000 0.280055 0.800000 0.800000 0.800000
4624.769531 0.000000 2918.142822 0.000000 0.823897 0.000000 -0.566739 0.861375 0.861375 0.861375
4641.260742 0.000000 2914.450928 0.000000 0.748118 0.000000 -0.663566 0.800000 0.800000 0.800000
4640.639160 0.000000 2917.362549 0.000000 0.989523 0.000000 0.144373 0.800000 0.800000 0.800000
4642.528809 0.000000 2916.190674 0.000000 0.400874 0.000000 0.916133 0.682014 0.682014 0.682014
4692.365723 0.000000 2939.591797 0.000000 0.820655 0.000000 -0.571424 0.861955 0.861955 0.861955
4713.978516 0.000000 2931.177246 0.000000 0.607328 0.000000 -0.794451 0.800000 0.800000 0.800000
4712.329590 0.000000 2931.878418 0.000000 0.191248 0.000000 0.981542 0.800000 0.800000 0.800000
4620.431152 0.000000 2968.497070 0.000000 0.799767 0.000000 -0.600310 0.865586 0.865586 0.865586
4670.905762 0.000000 2973.956787 0.000000 0.679414 0.000000 0.733755 0.716085 0.716085 0.716085
4654.834961 0.000000 2950.854492 0.000000 0.971024 0.000000 0.238982 0.800000 0.800000 0.800000
4657.383301 0.000000 2951.964111 0.000000 0.995217 0.000000 0.097688 0.790034 0.790034 0.790034
4656.379883 0.000000 2965.522705 0.000000 0.762349 0.000000 -0.647166 0.800000 0.800000 0.800000
4654.535156 0.000000 2964.266113 0.000000 0.994792 0.000000 0.101930 0.800000 0.800000 0.800000
4656.769531 0.000000 2950.142822 0.000000 0.904692 0.000000 -0.426067 0.844832 0.844832 0.844832
4657.233887 0.000000 2966.826904 0.000000 0.951475 0.000000 -0.307727 0.831862 0.831862 0.831862
4670.239746 0.000000 2972.540283 0.000000 0.127941 0.000000 -0.991782 0.946932 0.946932 0.946932
4656.103516 0.000000 2951.349854 0.000000 0.291314 0.000000 0.956627 0.670110 0.670110 0.670110
4666.822754 0.000000 2961.163818 0.000000 0.977681 0.000000 -0.210095 0.821561 0.821561 0.821561
4623.905273 0.000000 2986.648438 0.000000 0.850125 0.000000 -0.526580 0.856488 0.856488 0.856488
4621.482422 0.000000 2985.316406 0.000000 0.833373 0.000000 -0.552711 0.800000 0.800000 0.800000
4610.793457 0.000000 2996.291504 0.000000 0.797376 0.000000 -0.603482 0.865991 0.865991 0.865991
4610.782715 0.000000 2999.326416 0.000000 0.119014 0.000000 0.992893 0.800000 0.800000 0.800000
4623.602539 0.000000 2984.727295 0.000000 0.833911 0.000000 0.551898 0.800000 0.800000 0.800000
4622.457520 0.000000 2987.124023 0.000000 0.812061 0.000000 -0.583573 0.863471 0.863471 0.863471
4700.150879 0.000000 2961.253174 0.000000 0.295825 0.000000 0.955242 0.670590 0.670590 0.670590
4700.395996 0.000000 2959.485840 0.000000 0.829150 0.000000 0.559026 0.800000 0.800000 0.800000
4694.186523 0.000000 2982.716553 0.000000 0.179831 0.000000 -0.983698 0.941582 0.941582 0.941582
4683.631348 0.000000 2998.178223 0.000000 0.996426 0.000000 0.084475 0.791385 0.791385 0.791385
4692.186035 0.000000 2983.532471 0.000000 0.551774 0.000000 -0.833994 0.800000 0.800000 0.800000
4682.736328 0.000000 2999.699951 0.000000 0.857778 0.000000 -0.514020 0.854990 0.854990 0.854990
4683.063965 0.000000 2996.554443 0.000000 0.213390 0.000000 -0.976967 0.800000 0.800000 0.800000
4695.432129 0.000000 2983.910400 0.000000 0.997117 0.000000 0.075886 0.792263 0.792263 0.792263
4722.094238 0.000000 2992.246826 0.000000 0.526472 0.000000 0.850192 0.800000 0.800000 0.800000
4720.134277 0.000000 2992.878662 0.000000 0.995766 0.000000 -0.091928 0.800000 0.800000 0.800000
4613.415527 0.000000 3022.626709 0.000000 0.985947 0.000000 -0.167056 0.800000 0.800000 0.800000
4608.224121 0.000000 3033.106689 0.000000 0.527992 0.000000 0.849249 0.800000 0.800000 0.800000
4615.960938 0.000000 3025.696777 0.000000 0.943332 0.000000 0.331851 0.800000 0.800000 0.800000
4609.157227 0.000000 3030.233887 0.000000 0.961584 0.000000 -0.274511 0.800000 0.800000 0.800000
4636.696777 0.000000 3036.450928 0.000000 0.979666 0.000000 -0.200634 0.800000 0.800000 0.800000
4613.854980 0.000000 3024.759277 0.000000 0.855796 0.000000 -0.517314 0.800000 0.800000 0.800000
4615.695801 0.000000 3023.787354 0.000000 0.570578 0.000000 0.821243 0.800000 0.800000 0.800000
4637.421875 0.000000 3034.613037 0.000000 0.991012 0.000000 -0.133772 0.813667 0.813667 0.813667
4609.877930 0.000000 3033.870605 0.000000 0.870282 0.000000 0.492553 0.800000 0.800000 0.800000
4650.484375 0.000000 3037.530273 0.000000 0.723644 0.000000 -0.690174 0.800000 0.800000 0.800000
4652.902832 0.000000 3038.992920 0.000000 0.650011 0.000000 0.759925 0.800000 0.800000 0.800000
4652.605469 0.000000 3037.259033 0.000000 0.355848 0.000000 0.934544 0.677059 0.677059 0.677059
4675.581543 0.000000 3033.156250 0.000000 0.912691 0.000000 -0.408651 0.800000 0.800000 0.800000
4678.630371 0.000000 3031.126465 0.000000 0.999370 0.000000 0.035480 0.796385 0.796385 0.796385
4681.179199 0.000000 3017.319092 0.000000 0.688012 0.000000 -0.725699 0.800000 0.800000 0.800000
4680.933594 0.000000 3014.728271 0.000000 0.708827 0.000000 -0.705382 0.800000 0.800000 0.800000
4674.782715 0.000000 3031.326416 0.000000 0.683098 0.000000 -0.730327 0.800000 0.800000 0.800000
4677.470215 0.000000 3032.765137 0.000000 0.773605 0.000000 -0.633668 0.800000 0.800000 0.800000
4676.957520 0.000000 3031.309326 0.000000 0.870130 0.000000 -0.492822 0.852491 0.852491 0.852491
4704.676758 0.000000 3018.803711 0.000000 0.835297 0.000000 0.549799 0.740705 0.740705 0.740705
4710.460938 0.000000 3040.298584 0.000000 0.853284 0.000000 0.521447 0.744126 0.744126 0.744126
4733.859863 0.000000 3051.654541 0.000000 0.920913 0.000000 0.389768 0.800000 0.800000 0.800000
4708.241699 0.000000 3061.943115 0.000000 0.167669 0.000000 -0.985843 0.800000 0.800000 0.800000
4710.556152 0.000000 3060.178711 0.000000 0.034722 0.000000 0.999397 0.800000 0.800000 0.800000
4710.630371 0.000000 3063.126465 0.000000 0.874773 0.000000 0.484534 0.748477 0.748477 0.748477
4735.317383 0.000000 3053.295166 0.000000 0.290840 0.000000 -0.956772 0.800000 0.800000 0.800000
4732.122559 0.000000 3051.873779 0.000000 0.994754 0.000000 -0.102291 0.800000 0.800000 0.800000
4735.365234 0.000000 3050.638916 0.000000 0.911916 0.000000 0.410376 0.800000 0.800000 0.800000
4711.360352 0.000000 3041.407471 0.000000 0.921877 0.000000 0.387483 0.759470 0.759470 0.759470
4116.507324 0.000000 3086.663086 0.000000 0.997937 0.000000 -0.064198 0.800000 0.800000 0.800000
4107.106445 0.000000 3079.197754 0.000000 0.220507 0.000000 0.975385 0.800000 0.800000 0.800000
4114.094238 0.000000 3088.246826 0.000000 0.961488 0.000000 0.274847 0.800000 0.800000 0.800000
4109.482422 0.000000 3081.316406 0.000000 0.971542 0.000000 -0.236867 0.800000 0.800000 0.800000
4117.223633 0.000000 3088.717041 0.000000 0.971039 0.000000 -0.238922 0.800000 0.800000 0.800000
4108.885254 0.000000 3078.062500 0.000000 0.421893 0.000000 -0.906646 0.800000 0.800000 0.800000
4107.042480 0.000000 3080.983643 0.000000 0.926102 0.000000 -0.377272 0.800000 0.800000 0.800000
4138.484375 0.000000 3101.530273 0.000000 0.118014 0.000000 -0.993012 0.800000 0.800000 0.800000
4140.450684 0.000000 3091.456055 0.000000 0.618882 0.000000 -0.785484 0.800000 0.800000 0.800000
4137.336426 0.000000 3099.417480 0.000000 0.372927 0.000000 0.927861 0.800000 0.800000 0.800000
4139.775879 0.000000 3099.687988 0.000000 0.632012 0.000000 -0.774959 0.800000 0.800000 0.800000
4140.044434 0.000000 3089.482422 0.000000 0.639267 0.000000 -0.768984 0.800000 0.800000 0.800000
4106.484375 0.000000 3133.530273 0.000000 0.570567 0.000000 0.821251 0.800000 0.800000 0.800000
4109.430176 0.000000 3130.089844 0.000000 0.873440 0.000000 0.486931 0.748197 0.748197 0.748197
4107.775879 0.000000 3131.687988 0.000000 0.831879 0.000000 0.554956 0.800000 0.800000 0.800000
4163.500977 0.000000 3082.790771 0.000000 0.380884 0.000000 -0.924623 0.800000 0.800000 0.800000
4182.186523 0.000000 3078.716553 0.000000 0.646759 0.000000 -0.762694 0.888360 0.888360 0.888360
4182.391602 0.000000 3084.429688 0.000000 0.331192 0.000000 -0.943563 0.800000 0.800000 0.800000
4180.186035 0.000000 3079.532471 0.000000 0.032057 0.000000 0.999486 0.800000 0.800000 0.800000
4170.422852 0.000000 3077.165527 0.000000 0.966588 0.000000 -0.256336 0.826405 0.826405 0.826405
4162.084961 0.000000 3081.308105 0.000000 0.288549 0.000000 0.957465 0.800000 0.800000 0.800000
4183.432129 0.000000 3079.910400 0.000000 0.055345 0.000000 0.998467 0.645640 0.645640 0.645640
4173.106445 0.000000 3076.777100 0.000000 0.479927 0.000000 0.877308 0.690988 0.690988 0.690988
4167.354980 0.000000 3132.850586 0.000000 0.618435 0.000000 -0.785836 0.800000 0.800000 0.800000
4186.412598 0.000000 3115.541016 0.000000 0.986418 0.000000 0.164252 0.800000 0.800000 0.800000
4187.851074 0.000000 3117.773438 0.000000 0.997624 0.000000 0.068889 0.800000 0.800000 0.800000
4169.336426 0.000000 3131.417480 0.000000 0.965366 0.000000 0.260900 0.773114 0.773114 0.773114
4184.440918 0.000000 3115.942139 0.000000 0.739342 0.000000 0.673330 0.800000 0.800000 0.800000
4191.317383 0.000000 3117.295166 0.000000 0.802790 0.000000 0.596262 0.800000 0.800000 0.800000
4196.388672 0.000000 3133.719482 0.000000 0.757006 0.000000 -0.653408 0.800000 0.800000 0.800000
4199.354980 0.000000 3132.850586 0.000000 0.693676 0.000000 0.720287 0.718083 0.718083 0.718083
4197.006836 0.000000 3131.237305 0.000000 0.168169 0.000000 0.985758 0.800000 0.800000 0.800000
4112.379883 0.000000 3157.522705 0.000000 0.654403 0.000000 0.756146 0.712666 0.712666 0.712666
4114.357910 0.000000 3156.427979 0.000000 0.912020 0.000000 0.410145 0.800000 0.800000 0.800000
4128.230957 0.000000 3144.102539 0.000000 0.137968 0.000000 -0.990437 0.800000 0.800000 0.800000
4131.500977 0.000000 3146.790771 0.000000 0.736459 0.000000 -0.676482 0.800000 0.800000 0.800000
4128.676758 0.000000 3146.803711 0.000000 0.567280 0.000000 0.823525 0.800000 0.800000 0.800000
4130.084961 0.000000 3145.308105 0.000000 0.753156 0.000000 -0.657842 0.800000 0.800000 0.800000
4096.230957 0.000000 3176.102539 0.000000 0.514519 0.000000 -0.857479 0.800000 0.800000 0.800000
4104.467773 0.000000 3172.566406 0.000000 0.901619 0.000000 0.432532 0.754438 0.754438 0.754438
4096.676758 0.000000 3178.803711 0.000000 0.605818 0.000000 0.795603 0.800000 0.800000 0.800000
4132.057129 0.000000 3186.148438 0.000000 0.461027 0.000000 -0.887386 0.800000 0.800000 0.800000
4132.773438 0.000000 3187.854736 0.000000 0.980510 0.000000 0.196470 0.800000 0.800000 0.800000
4201.093262 0.000000 3157.537354 0.000000 0.986473 0.000000 -0.163926 0.816773 0.816773 0.816773
4201.978516 0.000000 3155.177246 0.000000 0.485758 0.000000 -0.874093 0.800000 0.800000 0.800000
4200.329590 0.000000 3155.878418 0.000000 0.733492 0.000000 -0.679699 0.800000 0.800000 0.800000
4181.942383 0.000000 3171.257812 0.000000 0.705640 0.000000 -0.708570 0.800000 0.800000 0.800000
4181.008789 0.000000 3173.063965 0.000000 0.998566 0.000000 -0.053531 0.800000 0.800000 0.800000
4183.117676 0.000000 3173.064453 0.000000 0.853328 0.000000 -0.521374 0.800000 0.800000 0.800000
4183.696777 0.000000 3171.087891 0.000000 0.999131 0.000000 0.041687 0.800000 0.800000 0.800000
4211.106445 0.000000 3182.014404 0.000000 0.360688 0.000000 0.932687 0.677587 0.677587 0.677587
4211.312988 0.000000 3183.454346 0.000000 0.986219 0.000000 0.165446 0.783070 0.783070 0.783070
4129.157227 0.000000 3222.233887 0.000000 0.957057 0.000000 0.289900 0.800000 0.800000 0.800000
4130.793457 0.000000 3220.291504 0.000000 0.542274 0.000000 0.840202 0.800000 0.800000 0.800000
4130.782715 0.000000 3223.326416 0.000000 0.991023 0.000000 -0.133689 0.800000 0.800000 0.800000
4128.052734 0.000000 3220.816650 0.000000 0.960594 0.000000 -0.277956 0.800000 0.800000 0.800000
4157.859863 0.000000 3243.654541 0.000000 0.970971 0.000000 0.239196 0.800000 0.800000 0.800000
4158.583984 0.000000 3241.028076 0.000000 0.950950 0.000000 -0.309346 0.800000 0.800000 0.800000
4156.742188 0.000000 3241.992188 0.000000 0.453514 0.000000 0.891249 0.800000 0.800000 0.800000
4156.788086 0.000000 3240.070312 0.000000 0.960804 0.000000 0.277227 0.800000 0.800000 0.800000
4156.122559 0.000000 3243.873779 0.000000 0.999785 0.000000 -0.020754 0.800000 0.800000 0.800000
4159.365234 0.000000 3242.638916 0.000000 0.481728 0.000000 -0.876321 0.800000 0.800000 0.800000
4171.106445 0.000000 3207.197754 0.000000 0.752223 0.000000 -0.658909 0.800000 0.800000 0.800000
4172.885254 0.000000 3206.062500 0.000000 0.749497 0.000000 0.662008 0.726305 0.726305 0.726305
4170.422852 0.000000 3205.165527 0.000000 0.129818 0.000000 0.991538 0.800000 0.800000 0.800000
4196.733398 0.000000 3236.787354 0.000000 0.465061 0.000000 0.885279 0.689270 0.689270 0.689270
4198.804688 0.000000 3237.648438 0.000000 0.841164 0.000000 0.540781 0.800000 0.800000 0.800000
4200.878418 0.000000 3278.263184 0.000000 0.246734 0.000000 0.969083 0.665394 0.665394 0.665394
4199.695801 0.000000 3279.787354 0.000000 0.044295 0.000000 0.999018 0.800000 0.800000 0.800000
4201.659668 0.000000 3279.508057 0.000000 0.040862 0.000000 -0.999165 0.955837 0.955837 0.955837
4284.696777 0.000000 3228.450928 0.000000 0.499379 0.000000 -0.866384 0.800000 0.800000 0.800000
4284.951172 0.000000 3231.160889 0.000000 0.784469 0.000000 -0.620168 0.868139 0.868139 0.868139
4317.281250 0.000000 3201.231201 0.000000 0.427771 0.000000 -0.903887 0.800000 0.800000 0.800000
4319.889648 0.000000 3200.137451 0.000000 0.827394 0.000000 -0.561622 0.860743 0.860743 0.860743
4318.729492 0.000000 3203.662842 0.000000 0.204289 0.000000 0.978911 0.800000 0.800000 0.800000
4319.222656 0.000000 3201.824951 0.000000 0.783892 0.000000 0.620897 0.731766 0.731766 0.731766
4307.670410 0.000000 3241.656982 0.000000 0.331213 0.000000 -0.943556 0.800000 0.800000 0.800000
4305.759766 0.000000 3242.034180 0.000000 0.718032 0.000000 -0.696010 0.800000 0.800000 0.800000
4306.718262 0.000000 3243.217041 0.000000 1.000000 0.000000 0.000658 0.799933 0.799933 0.799933
4332.263672 0.000000 3235.783203 0.000000 0.818129 0.000000 -0.575035 0.800000 0.800000 0.800000
4330.422852 0.000000 3237.165527 0.000000 0.299488 0.000000 -0.954100 0.800000 0.800000 0.800000
4330.777344 0.000000 3234.358398 0.000000 0.700205 0.000000 0.713942 0.800000 0.800000 0.800000
4228.241699 0.000000 3285.943115 0.000000 0.960833 0.000000 -0.277128 0.800000 0.800000 0.800000
4228.057129 0.000000 3282.148438 0.000000 0.365427 0.000000 0.930840 0.800000 0.800000 0.800000
4230.556152 0.000000 3284.178711 0.000000 0.954850 0.000000 -0.297087 0.800000 0.800000 0.800000
4239.225586 0.000000 3264.049805 0.000000 0.697412 0.000000 -0.716671 0.881387 0.881387 0.881387
4228.773438 0.000000 3283.854736 0.000000 0.986947 0.000000 -0.161048 0.800000 0.800000 0.800000
4230.049316 0.000000 3282.510254 0.000000 0.876975 0.000000 0.480535 0.748942 0.748942 0.748942
4231.310547 0.000000 3282.929443 0.000000 0.810610 0.000000 0.585587 0.736277 0.736277 0.736277
4263.428711 0.000000 3275.699707 0.000000 0.958730 0.000000 0.284318 0.800000 0.800000 0.800000
4265.438965 0.000000 3276.211914 0.000000 0.954504 0.000000 0.298197 0.800000 0.800000 0.800000
4263.038574 0.000000 3277.575439 0.000000 0.885190 0.000000 0.465230 0.800000 0.800000 0.800000
4254.905762 0.000000 3325.956787 0.000000 0.092625 0.000000 -0.995701 0.950552 0.950552 0.950552
4255.588379 0.000000 3323.632812 0.000000 0.726416 0.000000 -0.687255 0.800000 0.800000 0.800000
4254.239746 0.000000 3324.540283 0.000000 0.633703 0.000000 0.773577 0.709909 0.709909 0.709909
4264.467773 0.000000 3300.566406 0.000000 0.285420 0.000000 -0.958402 0.800000 0.800000 0.800000
4257.904297 0.000000 3323.806152 0.000000 0.539780 0.000000 -0.841806 0.800000 0.800000 0.800000
4280.323730 0.000000 3326.712891 0.000000 0.619773 0.000000 0.784781 0.800000 0.800000 0.800000
4266.422852 0.000000 3301.165527 0.000000 0.870946 0.000000 0.491378 0.800000 0.800000 0.800000
4266.777344 0.000000 3298.358398 0.000000 0.522285 0.000000 0.852771 0.800000 0.800000 0.800000
4300.450684 0.000000 3283.456055 0.000000 0.918306 0.000000 -0.395872 0.800000 0.800000 0.800000
4302.535156 0.000000 3284.266113 0.000000 0.492297 0.000000 0.870427 0.692430 0.692430 0.692430
4301.339844 0.000000 3285.634766 0.000000 0.488612 0.000000 0.872501 0.800000 0.800000 0.800000
4324.388672 0.000000 3293.719482 0.000000 0.733412 0.000000 -0.679784 0.800000 0.800000 0.800000
4346.525879 0.000000 3294.105225 0.000000 0.671841 0.000000 -0.740695 0.800000 0.800000 0.800000
4348.696777 0.000000 3292.450928 0.000000 0.908910 0.000000 -0.416993 0.800000 0.800000 0.800000
4348.951172 0.000000 3295.160889 0.000000 0.103715 0.000000 0.994607 0.800000 0.800000 0.800000
4322.475586 0.000000 3295.179443 0.000000 0.972404 0.000000 0.233302 0.800000 0.800000 0.800000
4346.616699 0.000000 3292.008057 0.000000 0.893367 0.000000 -0.449328 0.800000 0.800000 0.800000
4377.480957 0.000000 3072.311035 0.000000 0.796803 0.000000 0.604239 0.800000 0.800000 0.800000
4375.331055 0.000000 3073.349854 0.000000 0.539382 0.000000 0.842061 0.800000 0.800000 0.800000
4455.092285 0.000000 3080.120117 0.000000 0.438331 0.000000 -0.898813 0.800000 0.800000 0.800000
4455.428711 0.000000 3083.699707 0.000000 0.852434 0.000000 0.522834 0.800000 0.800000 0.800000
4457.179199 0.000000 3081.319092 0.000000 0.799522 0.000000 -0.600637 0.800000 0.800000 0.800000
4455.535645 0.000000 3081.995605 0.000000 0.595450 0.000000 -0.803392 0.800000 0.800000 0.800000
4456.804199 0.000000 3082.864990 0.000000 0.117992 0.000000 -0.993015 0.947953 0.947953 0.947953
4436.365723 0.000000 3131.591797 0.000000 0.948028 0.000000 -0.318187 0.832984 0.832984 0.832984
4438.581055 0.000000 3131.369141 0.000000 0.500610 0.000000 0.865673 0.800000 0.800000 0.800000
4448.071289 0.000000 3117.674316 0.000000 0.966461 0.000000 -0.256813 0.800000 0.800000 0.800000
4451.500977 0.000000 3114.790771 0.000000 0.570722 0.000000 0.821143 0.800000 0.800000 0.800000
4448.676758 0.000000 3114.803711 0.000000 0.689490 0.000000 -0.724295 0.800000 0.800000 0.800000
4450.677246 0.000000 3117.416016 0.000000 0.602881 0.000000 -0.797831 0.800000 0.800000 0.800000
4472.440918 0.000000 3115.942139 0.000000 0.938925 0.000000 -0.344121 0.800000 0.800000 0.800000
4387.500977 0.000000 3146.790771 0.000000 0.957371 0.000000 0.288860 0.770152 0.770152 0.770152
4386.677246 0.000000 3149.416016 0.000000 0.064267 0.000000 -0.997933 0.800000 0.800000 0.800000
4386.119141 0.000000 3147.792969 0.000000 0.786058 0.000000 0.618153 0.732122 0.732122 0.732122
4471.498535 0.000000 3145.706787 0.000000 0.747706 0.000000 -0.664029 0.800000 0.800000 0.800000
4473.293945 0.000000 3145.435303 0.000000 0.990654 0.000000 -0.136396 0.813937 0.813937 0.813937
4499.031738 0.000000 3077.668701 0.000000 0.423880 0.000000 0.905718 0.800000 0.800000 0.800000
4496.484863 0.000000 3076.254395 0.000000 0.602116 0.000000 -0.798408 0.800000 0.800000 0.800000
4499.082031 0.000000 3074.742676 0.000000 0.993104 0.000000 -0.117238 0.811969 0.811969 0.811969
4542.118652 0.000000 3086.953125 0.000000 0.649093 0.000000 0.760709 0.800000 0.800000 0.800000
4518.432617 0.000000 3102.947510 0.000000 0.414769 0.000000 0.909927 0.800000 0.800000 0.800000
4543.317383 0.000000 3085.295166 0.000000 0.358329 0.000000 0.933595 0.800000 0.800000 0.800000
4494.834961 0.000000 3110.854492 0.000000 0.887123 0.000000 0.461533 0.800000 0.800000 0.800000
4497.383301 0.000000 3111.964111 0.000000 0.681722 0.000000 -0.731611 0.800000 0.800000 0.800000
4495.602539 0.000000 3112.727295 0.000000 0.964670 0.000000 0.263462 0.800000 0.800000 0.800000
4496.769531 0.000000 3110.142822 0.000000 0.116684 0.000000 0.993169 0.800000 0.800000 0.800000
4533.270996 0.000000 3104.146729 0.000000 0.034172 0.000000 0.999416 0.643481 0.643481 0.643481
4518.460938 0.000000 3104.298584 0.000000 0.545816 0.000000 -0.837905 0.800000 0.800000 0.800000
4533.942383 0.000000 3107.257812 0.000000 0.421506 0.000000 0.906826 0.800000 0.800000 0.800000
4528.379883 0.000000 3125.522705 0.000000 0.906162 0.000000 -0.422931 0.800000 0.800000 0.800000
4535.331055 0.000000 3105.349854 0.000000 0.946406 0.000000 -0.322981 0.800000 0.800000 0.800000
4532.696777 0.000000 3105.900146 0.000000 0.947826 0.000000 0.318787 0.766952 0.766952 0.766952
4535.696777 0.000000 3107.087891 0.000000 0.095356 0.000000 0.995443 0.800000 0.800000 0.800000
4573.859863 0.000000 3083.654541 0.000000 0.923981 0.000000 0.382438 0.800000 0.800000 0.800000
4544.071289 0.000000 3085.674316 0.000000 0.193767 0.000000 -0.981048 0.800000 0.800000 0.800000
4571.058594 0.000000 3080.905029 0.000000 0.997529 0.000000 0.070255 0.800000 0.800000 0.800000
4545.914551 0.000000 3087.996826 0.000000 0.935910 0.000000 -0.352239 0.836665 0.836665 0.836665
4570.412598 0.000000 3083.541016 0.000000 0.491446 0.000000 0.870908 0.692330 0.692330 0.692330
4571.851074 0.000000 3085.773438 0.000000 0.937741 0.000000 -0.347335 0.800000 0.800000 0.800000
4572.122559 0.000000 3083.873779 0.000000 0.120961 0.000000 -0.992657 0.800000 0.800000 0.800000
4573.592773 0.000000 3085.415283 0.000000 0.663213 0.000000 -0.748430 0.886141 0.886141 0.886141
4563.670410 0.000000 3145.656982 0.000000 0.998558 0.000000 0.053676 0.800000 0.800000 0.800000
4561.383301 0.000000 3143.964111 0.000000 0.715715 0.000000 0.698392 0.800000 0.800000 0.800000
4560.769531 0.000000 3142.142822 0.000000 0.975035 0.000000 -0.222051 0.800000 0.800000 0.800000
4595.670410 0.000000 3145.656982 0.000000 0.785901 0.000000 0.618352 0.732096 0.732096 0.732096
4593.383301 0.000000 3143.964111 0.000000 0.624711 0.000000 -0.780856 0.800000 0.800000 0.800000
4592.769531 0.000000 3142.142822 0.000000 0.946680 0.000000 0.322175 0.800000 0.800000 0.800000
4594.852539 0.000000 3144.279053 0.000000 0.160616 0.000000 -0.987017 0.943569 0.943569 0.943569
4391.115723 0.000000 3321.826416 0.000000 0.815337 0.000000 0.578986 0.800000 0.800000 0.800000
4389.006836 0.000000 3323.237305 0.000000 0.986366 0.000000 -0.164567 0.800000 0.800000 0.800000
4389.470215 0.000000 3320.765137 0.000000 0.949740 0.000000 0.313040 0.800000 0.800000 0.800000
4390.772461 0.000000 3323.375732 0.000000 0.822981 0.000000 -0.568069 0.861539 0.861539 0.861539
4292.241699 0.000000 3349.943115 0.000000 0.179381 0.000000 -0.983780 0.800000 0.800000 0.800000
4290.793457 0.000000 3348.291504 0.000000 0.998804 0.000000 0.048893 0.800000 0.800000 0.800000
4290.782715 0.000000 3351.326416 0.000000 0.644670 0.000000 -0.764461 0.800000 0.800000 0.800000
4323.243164 0.000000 3335.483887 0.000000 0.686368 0.000000 0.727254 0.717055 0.717055 0.717055
4322.528809 0.000000 3332.190674 0.000000 0.413327 0.000000 -0.910583 0.800000 0.800000 0.800000
4322.264648 0.000000 3334.015137 0.000000 0.391963 0.000000 -0.919981 0.918975 0.918975 0.918975
4323.838867 0.000000 3334.047607 0.000000 0.974973 0.000000 -0.222323 0.822837 0.822837 0.822837
4286.729492 0.000000 3395.662842 0.000000 0.933267 0.000000 0.359184 0.800000 0.800000 0.800000
4287.416992 0.000000 3397.446289 0.000000 0.834291 0.000000 -0.551325 0.800000 0.800000 0.800000
4311.117676 0.000000 3397.064453 0.000000 0.003809 0.000000 -0.999993 0.959612 0.959612 0.959612
4311.696777 0.000000 3395.087891 0.000000 0.166709 0.000000 -0.986006 0.800000 0.800000 0.800000
4322.084961 0.000000 3433.308105 0.000000 0.855606 0.000000 -0.517628 0.855419 0.855419 0.855419
4324.188477 0.000000 3433.079834 0.000000 0.565913 0.000000 0.824465 0.800000 0.800000 0.800000
4306.152832 0.000000 3468.742676 0.000000 0.808069 0.000000 0.589088 0.800000 0.800000 0.800000
4364.263672 0.000000 3331.783203 0.000000 0.679208 0.000000 -0.733946 0.800000 0.800000 0.800000
4363.148438 0.000000 3328.083984 0.000000 0.206996 0.000000 0.978342 0.800000 0.800000 0.800000
4365.821289 0.000000 3329.342773 0.000000 0.993902 0.000000 -0.110267 0.800000 0.800000 0.800000
4362.777344 0.000000 3330.358398 0.000000 0.806013 0.000000 0.591899 0.800000 0.800000 0.800000
4447.317383 0.000000 3341.295166 0.000000 0.924058 0.000000 -0.382252 0.800000 0.800000 0.800000
4447.365234 0.000000 3338.638916 0.000000 0.827331 0.000000 -0.561715 0.800000 0.800000 0.800000
4448.071289 0.000000 3341.674316 0.000000 0.591784 0.000000 0.806096 0.704504 0.704504 0.704504
4448.676758 0.000000 3338.803711 0.000000 0.993655 0.000000 -0.112472 0.800000 0.800000 0.800000
4495.279785 0.000000 3362.645264 0.000000 0.987254 0.000000 0.159153 0.800000 0.800000 0.800000
4497.395996 0.000000 3362.855225 0.000000 0.690375 0.000000 -0.723452 0.882383 0.882383 0.882383
"}
