object={
	name="tree_grass_generator_1_0"
	clamp_to_water_level=no
	render_under_water=no
	generated_content=yes
	layer="grass_layer"
	pdxmesh="tree_grass_01_mesh"
	count=141
	transform="4025.556396 0.000000 3296.028076 0.000000 0.360093 0.000000 0.932917 0.677522 0.677522 0.677522
4052.758789 0.000000 3304.525879 0.000000 0.001013 0.000000 0.999999 0.640103 0.640103 0.640103
4088.140869 0.000000 3306.975586 0.000000 0.943637 0.000000 -0.330982 0.800000 0.800000 0.800000
4091.503906 0.000000 3306.198730 0.000000 0.608158 0.000000 0.793816 0.800000 0.800000 0.800000
4090.246094 0.000000 3309.447021 0.000000 0.983662 0.000000 -0.180028 0.800000 0.800000 0.800000
4085.193604 0.000000 3319.865479 0.000000 0.553262 0.000000 0.833007 0.800000 0.800000 0.800000
4084.463867 0.000000 3317.905273 0.000000 0.125714 0.000000 -0.992067 0.800000 0.800000 0.800000
4091.765869 0.000000 3308.187744 0.000000 0.946602 0.000000 -0.322404 0.800000 0.800000 0.800000
4085.853271 0.000000 3316.122314 0.000000 0.445058 0.000000 0.895502 0.800000 0.800000 0.800000
4088.415771 0.000000 3309.338379 0.000000 0.367134 0.000000 0.930168 0.800000 0.800000 0.800000
4086.628906 0.000000 3319.216309 0.000000 0.994532 0.000000 -0.104428 0.800000 0.800000 0.800000
3873.664795 0.000000 3347.257568 0.000000 0.993572 0.000000 -0.113199 0.800000 0.800000 0.800000
3872.000244 0.000000 3347.467285 0.000000 0.342132 0.000000 -0.939652 0.800000 0.800000 0.800000
3895.488525 0.000000 3375.063232 0.000000 0.842776 0.000000 -0.538265 0.800000 0.800000 0.800000
3897.775635 0.000000 3376.078369 0.000000 0.151726 0.000000 0.988423 0.800000 0.800000 0.800000
3897.007324 0.000000 3374.737061 0.000000 0.949761 0.000000 -0.312977 0.800000 0.800000 0.800000
3926.570068 0.000000 3373.007080 0.000000 0.558019 0.000000 -0.829828 0.899700 0.899700 0.899700
3891.035400 0.000000 3395.812988 0.000000 0.014786 0.000000 0.999891 0.800000 0.800000 0.800000
3890.408447 0.000000 3394.046631 0.000000 0.999857 0.000000 0.016900 0.800000 0.800000 0.800000
3893.195068 0.000000 3397.515869 0.000000 0.221284 0.000000 -0.975209 0.937272 0.937272 0.937272
3892.091797 0.000000 3396.825684 0.000000 0.929327 0.000000 -0.369257 0.838524 0.838524 0.838524
4012.158691 0.000000 3339.064209 0.000000 0.023435 0.000000 -0.999725 0.957613 0.957613 0.957613
4028.839355 0.000000 3347.287354 0.000000 0.323117 0.000000 -0.946359 0.800000 0.800000 0.800000
4012.827881 0.000000 3341.604004 0.000000 0.999728 0.000000 0.023319 0.800000 0.800000 0.800000
4028.015869 0.000000 3349.366943 0.000000 0.522438 0.000000 -0.852678 0.904007 0.904007 0.904007
4069.332275 0.000000 3337.640869 0.000000 0.961324 0.000000 -0.275421 0.800000 0.800000 0.800000
3991.488525 0.000000 3407.063232 0.000000 0.981640 0.000000 -0.190741 0.800000 0.800000 0.800000
3988.845459 0.000000 3406.664307 0.000000 0.371153 0.000000 0.928572 0.800000 0.800000 0.800000
4021.251465 0.000000 3423.903076 0.000000 0.399266 0.000000 -0.916835 0.800000 0.800000 0.800000
4020.970459 0.000000 3421.164062 0.000000 0.982589 0.000000 -0.185791 0.800000 0.800000 0.800000
4021.990967 0.000000 3422.563965 0.000000 0.265743 0.000000 -0.964044 0.800000 0.800000 0.800000
5098.484375 0.000000 2621.530273 0.000000 0.632744 0.000000 0.774361 0.800000 0.800000 0.800000
5096.257324 0.000000 2620.669678 0.000000 0.606565 0.000000 -0.795034 0.800000 0.800000 0.800000
5097.831055 0.000000 2619.765381 0.000000 0.260251 0.000000 -0.965541 0.800000 0.800000 0.800000
5096.661621 0.000000 2618.616455 0.000000 0.786158 0.000000 0.618025 0.800000 0.800000 0.800000
5087.281250 0.000000 2641.423828 0.000000 0.317025 0.000000 -0.948417 0.800000 0.800000 0.800000
5087.251465 0.000000 2639.065430 0.000000 0.650914 0.000000 -0.759151 0.800000 0.800000 0.800000
5115.528809 0.000000 2624.375977 0.000000 0.488091 0.000000 0.872793 0.800000 0.800000 0.800000
5103.540527 0.000000 2646.687744 0.000000 0.780883 0.000000 0.624677 0.800000 0.800000 0.800000
5104.827148 0.000000 2648.793213 0.000000 0.421001 0.000000 0.907060 0.684263 0.684263 0.684263
5103.601562 0.000000 2651.082520 0.000000 0.825040 0.000000 0.565075 0.800000 0.800000 0.800000
5089.443848 0.000000 2639.973145 0.000000 0.999999 0.000000 0.001263 0.800000 0.800000 0.800000
5117.357422 0.000000 2625.903320 0.000000 0.997814 0.000000 -0.066084 0.806736 0.806736 0.806736
5105.195312 0.000000 2645.944824 0.000000 0.513997 0.000000 0.857792 0.800000 0.800000 0.800000
5089.722168 0.000000 2638.228271 0.000000 0.366272 0.000000 -0.930508 0.800000 0.800000 0.800000
5103.193359 0.000000 2648.264404 0.000000 0.476103 0.000000 -0.879390 0.909456 0.909456 0.909456
5102.209961 0.000000 2651.862061 0.000000 0.966750 0.000000 -0.255723 0.800000 0.800000 0.800000
5117.079590 0.000000 2624.123535 0.000000 0.856328 0.000000 -0.516433 0.855277 0.855277 0.855277
5103.657715 0.000000 2649.577881 0.000000 0.561396 0.000000 0.827547 0.700715 0.700715 0.700715
5105.240723 0.000000 2647.457275 0.000000 0.757246 0.000000 -0.653130 0.872494 0.872494 0.872494
5059.918945 0.000000 2666.684326 0.000000 0.514397 0.000000 0.857552 0.800000 0.800000 0.800000
5059.144043 0.000000 2664.550781 0.000000 0.599749 0.000000 -0.800188 0.800000 0.800000 0.800000
5061.332031 0.000000 2665.640869 0.000000 0.386775 0.000000 0.922174 0.800000 0.800000 0.800000
5112.289062 0.000000 2663.679199 0.000000 0.208758 0.000000 0.977967 0.661421 0.661421 0.661421
5116.766602 0.000000 2661.363770 0.000000 0.738708 0.000000 -0.674026 0.800000 0.800000 0.800000
5119.044434 0.000000 2661.682373 0.000000 0.904918 0.000000 -0.425586 0.800000 0.800000 0.800000
5110.999512 0.000000 2665.151855 0.000000 0.039228 0.000000 -0.999230 0.800000 0.800000 0.800000
5113.484375 0.000000 2662.513428 0.000000 0.920638 0.000000 0.390417 0.759146 0.759146 0.759146
5113.842773 0.000000 2663.808350 0.000000 0.478590 0.000000 -0.878039 0.909167 0.909167 0.909167
4915.564941 0.000000 2736.439941 0.000000 0.722716 0.000000 -0.691145 0.800000 0.800000 0.800000
4917.603516 0.000000 2736.648682 0.000000 0.991314 0.000000 0.131518 0.786565 0.786565 0.786565
4916.489258 0.000000 2738.165771 0.000000 0.250122 0.000000 0.968214 0.665751 0.665751 0.665751
4917.571777 0.000000 2738.907227 0.000000 0.331992 0.000000 0.943282 0.674471 0.674471 0.674471
4916.608887 0.000000 2737.047363 0.000000 0.735734 0.000000 0.677271 0.724212 0.724212 0.724212
4975.540527 0.000000 2742.687744 0.000000 0.892714 0.000000 0.450624 0.800000 0.800000 0.800000
4977.245117 0.000000 2740.227783 0.000000 0.225039 0.000000 -0.974350 0.936880 0.936880 0.936880
4977.195312 0.000000 2741.944824 0.000000 0.400442 0.000000 -0.916322 0.918034 0.918034 0.918034
4978.832520 0.000000 2741.271484 0.000000 0.999938 0.000000 -0.011124 0.801133 0.801133 0.801133
4975.749023 0.000000 2741.034424 0.000000 0.211835 0.000000 -0.977306 0.938258 0.938258 0.938258
4955.911621 0.000000 2766.506348 0.000000 0.994420 0.000000 0.105497 0.789234 0.789234 0.789234
4950.128418 0.000000 2790.483398 0.000000 0.951628 0.000000 0.307253 0.800000 0.800000 0.800000
4947.928223 0.000000 2790.184570 0.000000 0.538400 0.000000 -0.842689 0.800000 0.800000 0.800000
4946.882324 0.000000 2789.296143 0.000000 0.930334 0.000000 0.366714 0.761755 0.761755 0.761755
4948.896484 0.000000 2791.167725 0.000000 0.943955 0.000000 -0.330075 0.834264 0.834264 0.834264
4949.194824 0.000000 2789.515869 0.000000 0.101652 0.000000 0.994820 0.650372 0.650372 0.650372
4969.620117 0.000000 2788.422363 0.000000 0.225145 0.000000 -0.974325 0.800000 0.800000 0.800000
4969.670898 0.000000 2785.841064 0.000000 0.956615 0.000000 -0.291356 0.800000 0.800000 0.800000
4971.972656 0.000000 2789.123291 0.000000 0.527300 0.000000 -0.849679 0.903425 0.903425 0.903425
4971.931152 0.000000 2786.730469 0.000000 0.980172 0.000000 -0.198148 0.820318 0.820318 0.820318
4970.536621 0.000000 2789.797363 0.000000 0.560668 0.000000 0.828041 0.700626 0.700626 0.700626
5023.887695 0.000000 2713.177002 0.000000 0.025230 0.000000 0.999682 0.800000 0.800000 0.800000
5022.606445 0.000000 2715.543945 0.000000 0.952342 0.000000 0.305033 0.768426 0.768426 0.768426
4998.817871 0.000000 2712.193115 0.000000 0.399804 0.000000 0.916600 0.681895 0.681895 0.681895
5022.181641 0.000000 2713.797852 0.000000 0.754876 0.000000 0.655867 0.800000 0.800000 0.800000
4998.101562 0.000000 2713.518066 0.000000 0.193902 0.000000 -0.981021 0.940123 0.940123 0.940123
4999.530762 0.000000 2713.412354 0.000000 0.663439 0.000000 0.748231 0.713889 0.713889 0.713889
5046.825684 0.000000 2709.662354 0.000000 0.076322 0.000000 0.997083 0.800000 0.800000 0.800000
5052.839355 0.000000 2707.287354 0.000000 0.985158 0.000000 -0.171652 0.800000 0.800000 0.800000
5049.189941 0.000000 2708.930908 0.000000 0.692394 0.000000 0.721520 0.800000 0.800000 0.800000
5048.132812 0.000000 2711.754395 0.000000 0.961630 0.000000 -0.274349 0.800000 0.800000 0.800000
5052.015625 0.000000 2709.366943 0.000000 0.999732 0.000000 -0.023151 0.800000 0.800000 0.800000
5051.074219 0.000000 2707.892090 0.000000 0.982848 0.000000 -0.184416 0.800000 0.800000 0.800000
5025.646484 0.000000 2714.732910 0.000000 0.707969 0.000000 -0.706244 0.879876 0.879876 0.879876
5053.641113 0.000000 2727.481201 0.000000 0.830797 0.000000 -0.556575 0.800000 0.800000 0.800000
5054.561035 0.000000 2730.394043 0.000000 0.175408 0.000000 0.984496 0.657960 0.657960 0.657960
5053.086914 0.000000 2729.316895 0.000000 0.657423 0.000000 -0.753522 0.800000 0.800000 0.800000
5055.352051 0.000000 2728.592285 0.000000 0.841335 0.000000 0.540514 0.741834 0.741834 0.741834
5053.381348 0.000000 2731.756836 0.000000 0.446784 0.000000 0.894642 0.800000 0.800000 0.800000
5055.404297 0.000000 2727.137939 0.000000 0.047965 0.000000 0.998849 0.644888 0.644888 0.644888
5079.208496 0.000000 2720.469971 0.000000 0.171494 0.000000 -0.985185 0.800000 0.800000 0.800000
5081.310059 0.000000 2722.072021 0.000000 0.984146 0.000000 0.177358 0.800000 0.800000 0.800000
5079.293457 0.000000 2723.270020 0.000000 0.745142 0.000000 0.666905 0.725638 0.725638 0.725638
5081.556152 0.000000 2720.028076 0.000000 0.799021 0.000000 -0.601303 0.800000 0.800000 0.800000
5080.767090 0.000000 2723.600586 0.000000 0.965273 0.000000 0.261244 0.800000 0.800000 0.800000
4992.040527 0.000000 2813.772705 0.000000 0.642106 0.000000 0.766616 0.711021 0.711021 0.711021
5005.947754 0.000000 2800.975342 0.000000 0.729648 0.000000 0.683822 0.723301 0.723301 0.723301
4993.738281 0.000000 2813.277100 0.000000 0.917343 0.000000 -0.398097 0.841705 0.841705 0.841705
5004.128906 0.000000 2801.264893 0.000000 0.360048 0.000000 -0.932934 0.922483 0.922483 0.922483
5148.322754 0.000000 2586.183594 0.000000 0.271510 0.000000 -0.962436 0.931993 0.931993 0.931993
5145.369629 0.000000 2589.858887 0.000000 0.990898 0.000000 -0.134611 0.800000 0.800000 0.800000
5134.661133 0.000000 2589.415039 0.000000 0.862014 0.000000 0.506885 0.800000 0.800000 0.800000
5132.496582 0.000000 2591.023926 0.000000 0.339999 0.000000 -0.940426 0.800000 0.800000 0.800000
5147.188477 0.000000 2587.239746 0.000000 0.989776 0.000000 -0.142629 0.814578 0.814578 0.814578
5182.606445 0.000000 2587.543945 0.000000 0.661453 0.000000 0.749987 0.800000 0.800000 0.800000
5182.181641 0.000000 2585.797852 0.000000 0.772673 0.000000 0.634804 0.800000 0.800000 0.800000
5139.844727 0.000000 2622.519531 0.000000 0.745085 0.000000 -0.666969 0.800000 0.800000 0.800000
5122.681641 0.000000 2619.806152 0.000000 0.196666 0.000000 -0.980471 0.800000 0.800000 0.800000
5138.017090 0.000000 2619.040527 0.000000 0.158780 0.000000 0.987314 0.800000 0.800000 0.800000
5120.040527 0.000000 2621.772705 0.000000 0.966530 0.000000 0.256553 0.800000 0.800000 0.800000
5137.041992 0.000000 2622.939697 0.000000 0.297797 0.000000 0.954629 0.670801 0.670801 0.670801
5140.420410 0.000000 2619.659668 0.000000 0.527111 0.000000 -0.849796 0.800000 0.800000 0.800000
5141.014160 0.000000 2617.946045 0.000000 0.996799 0.000000 0.079946 0.800000 0.800000 0.800000
5121.738281 0.000000 2621.277100 0.000000 0.114146 0.000000 -0.993464 0.800000 0.800000 0.800000
5138.541504 0.000000 2623.491943 0.000000 0.665169 0.000000 0.746693 0.800000 0.800000 0.800000
5161.620117 0.000000 2596.422363 0.000000 0.247705 0.000000 0.968835 0.800000 0.800000 0.800000
5159.866211 0.000000 2596.311035 0.000000 0.974025 0.000000 0.226439 0.800000 0.800000 0.800000
5158.311035 0.000000 2596.876221 0.000000 0.985723 0.000000 0.168374 0.800000 0.800000 0.800000
5185.117188 0.000000 2584.918213 0.000000 0.024399 0.000000 -0.999702 0.800000 0.800000 0.800000
5184.040527 0.000000 2589.772705 0.000000 0.790110 0.000000 -0.612964 0.800000 0.800000 0.800000
5137.837891 0.000000 2624.361328 0.000000 0.713291 0.000000 -0.700868 0.879105 0.879105 0.879105
5150.186523 0.000000 2645.844971 0.000000 0.897417 0.000000 0.441184 0.800000 0.800000 0.800000
5151.526367 0.000000 2643.720703 0.000000 0.086135 0.000000 0.996283 0.800000 0.800000 0.800000
5136.565430 0.000000 2625.373535 0.000000 0.954582 0.000000 0.297948 0.769183 0.769183 0.769183
5150.070312 0.000000 2644.255615 0.000000 0.308466 0.000000 0.951235 0.800000 0.800000 0.800000
5152.987305 0.000000 2645.511475 0.000000 0.206296 0.000000 0.978490 0.800000 0.800000 0.800000
5155.986328 0.000000 2643.804932 0.000000 0.084920 0.000000 0.996388 0.648660 0.648660 0.648660
5153.664551 0.000000 2643.257568 0.000000 0.999667 0.000000 -0.025813 0.800000 0.800000 0.800000
5154.986328 0.000000 2642.804443 0.000000 0.879708 0.000000 -0.475514 0.850476 0.850476 0.850476
5137.670410 0.000000 2661.885010 0.000000 0.466737 0.000000 -0.884396 0.800000 0.800000 0.800000
5134.276855 0.000000 2663.678467 0.000000 0.191702 0.000000 -0.981453 0.800000 0.800000 0.800000
5135.839355 0.000000 2660.164307 0.000000 0.999911 0.000000 -0.013371 0.800000 0.800000 0.800000
"}
object={
	name="tree_grass_generator_1_1"
	clamp_to_water_level=no
	render_under_water=no
	generated_content=yes
	layer="grass_layer"
	pdxmesh="tree_grass_02_mesh"
	count=63
	transform="4025.181152 0.000000 3295.358154 0.000000 0.491878 0.000000 -0.870664 0.800000 0.800000 0.800000
4052.562744 0.000000 3305.860840 0.000000 0.072032 0.000000 0.997402 0.647343 0.647343 0.647343
4086.825439 0.000000 3317.662354 0.000000 0.952962 0.000000 -0.303090 0.800000 0.800000 0.800000
4089.990234 0.000000 3307.481934 0.000000 0.436009 0.000000 -0.899942 0.800000 0.800000 0.800000
3872.987305 0.000000 3349.511475 0.000000 0.750753 0.000000 0.660583 0.726499 0.726499 0.726499
3896.015381 0.000000 3376.914795 0.000000 0.999850 0.000000 -0.017296 0.800000 0.800000 0.800000
3893.194092 0.000000 3396.141602 0.000000 0.324019 0.000000 0.946051 0.673611 0.673611 0.673611
4027.073975 0.000000 3347.892090 0.000000 0.147102 0.000000 -0.989121 0.800000 0.800000 0.800000
4012.911865 0.000000 3338.091309 0.000000 0.932886 0.000000 -0.360171 0.837530 0.837530 0.837530
4013.752197 0.000000 3339.081543 0.000000 0.379957 0.000000 -0.925004 0.920300 0.920300 0.920300
4069.029297 0.000000 3335.862549 0.000000 0.816922 0.000000 -0.576749 0.800000 0.800000 0.800000
4071.350342 0.000000 3334.136963 0.000000 0.685668 0.000000 -0.727914 0.800000 0.800000 0.800000
4070.741699 0.000000 3335.761719 0.000000 0.715481 0.000000 0.698632 0.800000 0.800000 0.800000
4069.574951 0.000000 3334.236816 0.000000 0.995961 0.000000 -0.089788 0.800000 0.800000 0.800000
4044.156006 0.000000 3369.092285 0.000000 0.435868 0.000000 -0.900010 0.914061 0.914061 0.914061
4044.721680 0.000000 3367.353760 0.000000 0.983299 0.000000 -0.181999 0.818642 0.818642 0.818642
3989.603760 0.000000 3408.648682 0.000000 0.519118 0.000000 -0.854703 0.800000 0.800000 0.800000
4022.543945 0.000000 3421.132080 0.000000 0.283056 0.000000 0.959103 0.800000 0.800000 0.800000
4023.516357 0.000000 3423.241455 0.000000 0.432334 0.000000 -0.901714 0.914461 0.914461 0.914461
5098.575195 0.000000 2618.101562 0.000000 0.424957 0.000000 -0.905214 0.800000 0.800000 0.800000
5117.298340 0.000000 2623.386719 0.000000 0.992984 0.000000 0.118246 0.800000 0.800000 0.800000
5101.822266 0.000000 2649.316895 0.000000 0.378442 0.000000 -0.925625 0.920467 0.920467 0.920467
5088.169922 0.000000 2641.488525 0.000000 0.940929 0.000000 0.338603 0.800000 0.800000 0.800000
5088.008789 0.000000 2638.608887 0.000000 0.945588 0.000000 0.325366 0.800000 0.800000 0.800000
5105.245117 0.000000 2644.227783 0.000000 0.525578 0.000000 0.850745 0.800000 0.800000 0.800000
5115.085938 0.000000 2662.957031 0.000000 0.074023 0.000000 -0.997257 0.800000 0.800000 0.800000
4917.662109 0.000000 2737.780029 0.000000 0.999819 0.000000 -0.019026 0.801938 0.801938 0.801938
4953.775391 0.000000 2768.078369 0.000000 0.472083 0.000000 0.881554 0.800000 0.800000 0.800000
4952.015137 0.000000 2768.914795 0.000000 0.997490 0.000000 0.070806 0.800000 0.800000 0.800000
4953.007324 0.000000 2766.737061 0.000000 0.950981 0.000000 -0.309249 0.832025 0.832025 0.832025
4954.495117 0.000000 2766.917725 0.000000 0.371870 0.000000 -0.928285 0.921189 0.921189 0.921189
4949.193848 0.000000 2788.141602 0.000000 0.125426 0.000000 0.992103 0.652810 0.652810 0.652810
4948.091797 0.000000 2788.825684 0.000000 0.080199 0.000000 -0.996779 0.951822 0.951822 0.951822
4971.831055 0.000000 2784.386475 0.000000 0.898067 0.000000 -0.439860 0.846391 0.846391 0.846391
4969.545898 0.000000 2784.123291 0.000000 0.773353 0.000000 -0.633975 0.800000 0.800000 0.800000
4968.019531 0.000000 2785.599854 0.000000 0.290072 0.000000 -0.957005 0.800000 0.800000 0.800000
4970.470703 0.000000 2787.098145 0.000000 0.690375 0.000000 -0.723451 0.882383 0.882383 0.882383
5020.322754 0.000000 2714.183594 0.000000 0.542655 0.000000 0.839956 0.800000 0.800000 0.800000
5025.117188 0.000000 2712.918213 0.000000 0.971955 0.000000 -0.235165 0.800000 0.800000 0.800000
5024.285156 0.000000 2715.337402 0.000000 0.142275 0.000000 -0.989827 0.945459 0.945459 0.945459
5046.628906 0.000000 2711.216309 0.000000 0.694499 0.000000 0.719493 0.800000 0.800000 0.800000
5050.599609 0.000000 2709.546875 0.000000 0.183979 0.000000 0.982930 0.658847 0.658847 0.658847
5055.044434 0.000000 2725.682373 0.000000 0.975907 0.000000 -0.218187 0.800000 0.800000 0.800000
5078.037598 0.000000 2722.112305 0.000000 0.928695 0.000000 -0.370844 0.838698 0.838698 0.838698
5145.556152 0.000000 2586.843994 0.000000 0.052021 0.000000 0.998646 0.800000 0.800000 0.800000
5135.307129 0.000000 2591.360840 0.000000 0.438318 0.000000 -0.898820 0.800000 0.800000 0.800000
5132.185547 0.000000 2589.341553 0.000000 0.247337 0.000000 -0.968930 0.800000 0.800000 0.800000
5146.275879 0.000000 2588.416504 0.000000 0.127579 0.000000 0.991828 0.800000 0.800000 0.800000
5148.860840 0.000000 2587.571533 0.000000 0.823172 0.000000 -0.567793 0.861505 0.861505 0.861505
5183.887695 0.000000 2585.177002 0.000000 0.845837 0.000000 0.533441 0.800000 0.800000 0.800000
5120.285156 0.000000 2619.337402 0.000000 0.383403 0.000000 -0.923581 0.800000 0.800000 0.800000
5138.851562 0.000000 2620.801758 0.000000 0.406613 0.000000 0.913600 0.800000 0.800000 0.800000
5122.831543 0.000000 2617.739502 0.000000 0.326207 0.000000 0.945298 0.800000 0.800000 0.800000
5158.980469 0.000000 2594.784180 0.000000 0.556012 0.000000 -0.831174 0.800000 0.800000 0.800000
5186.681641 0.000000 2587.806152 0.000000 0.484922 0.000000 0.874557 0.800000 0.800000 0.800000
5184.285156 0.000000 2587.337402 0.000000 0.017459 0.000000 -0.999848 0.958222 0.958222 0.958222
5185.738281 0.000000 2589.277100 0.000000 0.596728 0.000000 0.802444 0.800000 0.800000 0.800000
5185.646484 0.000000 2586.732910 0.000000 0.772358 0.000000 -0.635187 0.870105 0.870105 0.870105
5139.479004 0.000000 2624.023438 0.000000 0.993698 0.000000 0.112089 0.800000 0.800000 0.800000
5152.169922 0.000000 2641.488525 0.000000 0.844411 0.000000 0.535696 0.800000 0.800000 0.800000
5154.894043 0.000000 2641.388672 0.000000 0.998551 0.000000 0.053820 0.800000 0.800000 0.800000
5152.000000 0.000000 2643.467285 0.000000 0.544479 0.000000 0.838774 0.800000 0.800000 0.800000
5135.501953 0.000000 2661.645264 0.000000 0.720349 0.000000 0.693612 0.800000 0.800000 0.800000
"}
